SAMPLES:	4731
BITSPERSAMPLE:	16
CHANNELS:	1
SAMPLERATE:	16000
NORMALIZED:	FALSE
46
26
20
35
35
33
29
31
37
35
50
53
61
58
47
47
54
70
68
66
55
53
49
47
39
30
37
28
31
16
24
25
22
28
17
19
22
29
44
41
40
58
41
71
78
81
78
73
85
87
68
70
76
69
66
61
62
42
47
39
37
33
36
35
24
25
19
9
2
-10
-9
-3
-11
-8
-2
5
29
13
19
22
25
18
20
21
4
2
2
39
57
87
102
130
158
165
150
148
154
106
73
37
9
-43
-80
-110
-129
-117
-118
-101
-100
-73
-33
-9
11
41
71
76
88
86
91
84
79
70
56
37
31
23
45
55
48
62
68
78
73
62
58
60
40
9
-10
-21
-29
-35
-40
-53
-56
-31
-11
9
34
58
79
100
114
133
133
136
123
91
74
69
54
53
24
20
27
7
11
15
15
10
19
24
20
15
15
10
7
3
-17
-22
-28
-36
-27
-20
-13
-4
19
46
45
56
62
53
73
67
46
26
18
6
-9
0
-11
-24
-39
-39
-39
-24
0
17
40
41
47
55
53
57
63
63
63
50
46
42
45
45
55
68
65
59
60
64
59
63
50
45
40
27
23
7
-2
-4
-21
-29
-10
-3
3
12
11
30
40
53
58
83
96
98
80
77
77
68
71
61
56
39
47
35
25
34
28
42
36
34
52
50
42
32
24
16
16
10
2
-1
4
7
8
1
3
15
35
50
57
58
50
60
49
43
36
23
17
19
17
11
-2
-9
-12
-8
12
13
4
-6
-13
2
-2
-5
0
-7
-7
-4
-20
-19
-15
-24
-38
-30
-26
-34
-31
-18
-14
-17
-13
-25
-32
-33
-30
-31
-41
-35
-40
-43
-39
-39
-41
-56
-58
-35
-35
-23
-24
-46
-62
-77
-73
-116
-113
-129
-107
-128
-119
-106
-103
-79
-79
-64
-56
-41
-28
6
3
5
3
-4
-38
-87
-128
-137
-178
-203
-203
-197
-180
-137
-80
-32
78
159
257
323
465
572
553
486
462
487
344
217
72
24
-130
-247
-344
-455
-471
-434
-375
-375
-362
-291
-144
-65
3
22
63
127
118
91
61
68
65
82
62
3
-9
8
43
36
23
-17
-20
-58
-100
-151
-215
-234
-339
-367
-425
-453
-435
-386
-312
-262
-110
2
184
316
478
625
813
835
792
733
733
683
492
309
110
-19
-235
-355
-506
-613
-626
-564
-534
-558
-490
-368
-206
-133
-87
-86
-51
-45
-51
-114
-145
-174
-177
-211
-262
-285
-237
-131
-97
-47
-7
82
186
253
318
337
361
386
392
390
356
338
338
361
268
174
111
137
81
-26
-157
-217
-254
-328
-372
-465
-467
-444
-394
-409
-398
-357
-245
-129
-74
-43
-14
78
136
117
125
113
60
41
-14
-104
-144
-132
-114
-120
-119
-110
-41
21
94
155
219
301
318
363
364
374
374
411
339
232
139
67
5
-130
-204
-295
-350
-398
-428
-467
-409
-305
-278
-202
-179
-203
-166
-80
-38
-106
-167
-199
-235
-285
-363
-365
-401
-376
-389
-450
-407
-370
-279
-172
-63
-27
32
167
228
301
356
419
419
415
430
415
478
559
641
721
866
977
1095
1091
1035
933
965
821
482
173
-57
-319
-672
-893
-1157
-1316
-1346
-1285
-1268
-1219
-1014
-696
-382
-154
30
211
446
589
637
631
637
583
552
469
334
228
207
225
194
174
145
174
217
249
188
127
98
-9
-156
-299
-444
-575
-680
-785
-888
-920
-864
-769
-649
-522
-347
-130
77
226
368
511
622
642
593
476
376
240
102
-64
-277
-486
-670
-760
-860
-938
-974
-949
-916
-852
-812
-740
-641
-541
-443
-388
-337
-308
-208
-129
-54
15
87
202
279
415
508
654
775
938
1067
1206
1379
1550
1683
1725
1607
1383
1185
1061
729
238
-168
-544
-937
-1383
-1663
-1899
-1974
-1935
-1838
-1751
-1635
-1316
-899
-499
-288
-93
142
394
519
564
595
631
644
627
545
455
444
513
598
591
566
521
553
578
503
367
226
97
-128
-392
-622
-826
-1014
-1180
-1303
-1400
-1403
-1282
-1084
-910
-726
-482
-215
3
172
294
441
508
462
325
177
70
-74
-188
-363
-535
-644
-677
-708
-731
-712
-642
-515
-437
-394
-347
-237
-127
-48
-11
7
38
110
212
350
452
668
881
1147
1328
1567
1781
2056
2191
2010
1803
1581
1538
1033
531
-47
-410
-938
-1414
-1752
-2106
-2210
-2188
-1980
-1932
-1781
-1463
-876
-483
-217
-23
257
524
665
698
708
722
698
732
640
546
513
665
756
794
767
758
859
911
853
693
559
379
124
-199
-492
-791
-1069
-1237
-1438
-1598
-1688
-1601
-1440
-1267
-1104
-907
-617
-412
-251
-132
22
121
138
101
51
-29
-79
-102
-164
-254
-299
-274
-251
-224
-198
-129
-11
85
134
176
253
359
409
463
497
544
654
862
991
1128
1254
1444
1559
1688
1774
1614
1417
1186
1141
697
210
-257
-511
-903
-1351
-1621
-1856
-1914
-1902
-1683
-1585
-1441
-1212
-735
-370
-165
37
321
558
651
677
703
715
696
741
664
566
507
586
624
662
641
589
617
634
560
406
295
149
-58
-340
-576
-791
-1014
-1183
-1336
-1481
-1551
-1539
-1427
-1323
-1192
-1028
-803
-619
-482
-334
-174
-11
30
35
24
1
-25
-31
-91
-206
-273
-270
-245
-254
-228
-151
-36
86
171
252
386
551
675
796
924
1073
1216
1425
1600
1682
1735
1826
1845
1794
1694
1386
1116
790
520
-10
-455
-868
-1147
-1472
-1758
-1885
-1995
-1895
-1756
-1522
-1353
-1077
-778
-390
-86
93
299
543
720
771
818
849
869
881
924
882
837
830
889
904
855
792
742
691
573
391
188
-1
-214
-446
-730
-935
-1127
-1280
-1387
-1440
-1492
-1465
-1378
-1262
-1137
-992
-785
-582
-424
-307
-165
-42
74
115
95
92
75
41
3
-59
-130
-168
-168
-182
-216
-165
-86
3
84
172
283
395
573
697
848
989
1179
1354
1583
1719
1844
1930
1997
2007
1983
1799
1492
1172
836
526
7
-491
-909
-1191
-1561
-1804
-1970
-2012
-1937
-1767
-1522
-1334
-1098
-782
-338
-82
113
312
556
704
768
801
848
880
899
945
909
885
904
978
1003
991
920
871
833
722
534
326
116
-118
-374
-661
-909
-1147
-1342
-1491
-1572
-1646
-1639
-1573
-1446
-1304
-1129
-935
-703
-527
-370
-194
-63
53
97
132
141
151
105
72
14
-50
-81
-77
-98
-106
-93
-43
11
75
151
231
363
475
620
731
873
1011
1221
1419
1568
1672
1773
1884
2019
1996
1937
1664
1405
1070
813
363
-176
-607
-984
-1316
-1758
-2003
-2167
-2099
-2032
-1868
-1739
-1537
-1231
-812
-416
-197
8
245
521
629
675
703
794
831
862
836
794
767
843
915
889
794
718
708
647
523
317
119
-104
-343
-628
-901
-1178
-1382
-1569
-1726
-1875
-1945
-1891
-1787
-1673
-1554
-1354
-1163
-941
-754
-541
-349
-191
-106
-43
0
21
53
31
7
-51
-108
-129
-146
-222
-233
-204
-168
-143
-127
-51
69
210
328
418
511
681
847
1024
1184
1399
1541
1722
1846
2006
2070
2120
1973
1726
1423
1143
843
290
-218
-672
-1069
-1550
-1901
-2180
-2267
-2241
-2136
-1986
-1812
-1569
-1180
-698
-365
-154
71
402
611
710
760
866
918
937
941
900
872
924
1037
1094
1052
957
950
974
910
741
534
331
96
-171
-485
-817
-1120
-1381
-1584
-1816
-1976
-2098
-2040
-1950
-1796
-1654
-1413
-1156
-915
-639
-399
-177
-22
127
204
260
276
276
258
206
133
70
32
-9
-49
-58
-32
24
55
122
223
390
509
659
731
878
1018
1169
1266
1379
1485
1548
1613
1647
1760
1793
1939
1759
1537
1207
1116
879
487
-34
-427
-716
-1170
-1534
-1837
-1908
-2016
-1906
-1849
-1744
-1632
-1268
-755
-411
-275
-26
351
623
767
852
1020
1070
1097
1102
1067
954
964
1070
1102
970
794
770
835
804
624
447
274
103
-102
-361
-660
-947
-1205
-1399
-1661
-1943
-2109
-2089
-2016
-1978
-1939
-1773
-1479
-1226
-938
-658
-398
-194
16
134
207
264
284
301
250
127
42
17
-31
-88
-107
-54
-3
22
104
239
393
551
698
799
918
1061
1147
1270
1311
1384
1364
1458
1387
1411
1367
1552
1540
1235
872
656
703
395
-33
-497
-616
-1030
-1360
-1682
-1805
-1956
-1933
-1783
-1745
-1740
-1633
-1026
-578
-397
-318
58
422
627
695
862
996
1009
1066
1067
912
774
878
987
910
637
481
542
575
420
258
131
-22
-157
-350
-530
-794
-1038
-1199
-1364
-1694
-1961
-2017
-1999
-1977
-2035
-1952
-1772
-1551
-1338
-1030
-761
-521
-289
-91
79
170
251
336
352
220
115
81
49
-9
-48
4
65
106
150
314
468
662
815
960
1056
1186
1316
1452
1494
1452
1466
1526
1543
1424
1385
1390
1584
1254
939
576
669
499
109
-371
-558
-802
-1180
-1367
-1577
-1642
-1803
-1569
-1546
-1521
-1580
-1128
-565
-348
-329
-71
355
560
714
817
1024
1015
1066
1145
1091
902
921
1077
1068
824
564
599
704
612
388
273
137
-23
-176
-334
-549
-802
-964
-1094
-1317
-1663
-1788
-1733
-1697
-1781
-1803
-1662
-1477
-1304
-1073
-796
-584
-388
-193
-16
91
161
246
318
259
129
89
113
56
-1
-19
48
37
51
135
318
449
573
730
834
989
1112
1351
1483
1603
1716
1949
2271
2511
2649
2658
2491
2310
2205
1921
1400
799
241
-294
-977
-1678
-2161
-2393
-2582
-2741
-2771
-2790
-2578
-2109
-1560
-1150
-863
-495
-6
366
563
747
923
1071
1120
1067
980
979
1037
1191
1256
1151
1080
1157
1275
1314
1223
1070
950
752
478
140
-208
-542
-863
-1258
-1703
-2097
-2333
-2382
-2414
-2443
-2398
-2207
-1954
-1671
-1355
-1020
-667
-383
-188
-21
132
268
366
385
309
231
187
114
52
0
-25
-16
-47
-86
-95
-24
73
162
183
238
305
420
574
692
876
1078
1373
1659
2026
2336
2685
2989
3196
3221
3008
2784
2514
2205
1587
842
52
-609
-1340
-1979
-2476
-2816
-3015
-3092
-2989
-2848
-2518
-2067
-1451
-945
-650
-331
82
472
658
779
872
980
964
981
1027
1046
1109
1272
1401
1395
1416
1522
1725
1757
1611
1424
1258
958
592
206
-214
-691
-1157
-1647
-2090
-2464
-2665
-2678
-2671
-2680
-2588
-2306
-1938
-1581
-1272
-894
-548
-284
-93
83
213
328
411
384
272
181
158
150
123
36
4
28
40
9
-5
48
117
140
144
147
205
278
397
516
644
836
1089
1401
1738
2059
2422
2790
2884
2883
2701
2640
2411
2065
1407
811
105
-581
-1280
-1850
-2337
-2692
-2851
-2983
-2915
-2840
-2441
-1906
-1380
-1069
-684
-300
96
373
538
703
766
820
841
848
792
866
999
1144
1194
1202
1294
1497
1611
1622
1558
1418
1206
953
633
248
-204
-639
-1029
-1437
-1916
-2256
-2412
-2433
-2456
-2487
-2385
-2174
-1871
-1609
-1294
-1033
-775
-557
-358
-262
-172
-78
-9
-12
-92
-152
-166
-164
-216
-246
-257
-270
-292
-287
-265
-224
-181
-154
-122
-115
-56
27
149
280
419
621
919
1225
1566
1995
2417
2729
2930
3056
2940
2775
2478
2149
1618
836
13
-678
-1390
-2123
-2689
-3099
-3318
-3445
-3406
-3219
-2845
-2417
-1855
-1292
-893
-541
-125
281
532
640
712
829
843
816
846
890
972
1094
1203
1305
1384
1485
1634
1734
1656
1475
1290
1036
708
284
-168
-640
-1095
-1589
-2006
-2400
-2643
-2731
-2714
-2689
-2602
-2388
-2067
-1678
-1369
-1034
-702
-381
-179
26
157
284
367
384
345
292
249
235
213
146
99
80
94
76
87
108
178
228
260
308
374
483
596
739
848
1039
1194
1481
1752
2086
2377
2684
2919
2998
2886
2689
2537
2317
1848
1116
462
-152
-798
-1434
-1939
-2323
-2599
-2740
-2736
-2629
-2432
-2038
-1465
-965
-690
-385
60
473
688
815
964
1045
1043
1055
1089
1078
1114
1253
1360
1371
1361
1457
1630
1709
1604
1455
1303
1085
801
453
42
-388
-795
-1175
-1537
-1967
-2271
-2355
-2349
-2401
-2444
-2282
-2001
-1716
-1460
-1164
-875
-608
-399
-197
-69
18
124
170
157
61
-11
8
5
-109
-192
-196
-205
-235
-241
-238
-208
-171
-126
-81
-38
64
206
350
534
706
971
1286
1615
1970
2329
2640
2817
2871
2736
2526
2287
1974
1404
671
-77
-733
-1438
-2098
-2620
-2995
-3203
-3330
-3296
-3134
-2810
-2366
-1793
-1291
-963
-608
-155
241
457
599
748
844
869
882
910
948
1038
1184
1283
1320
1365
1471
1631
1694
1587
1414
1214
970
644
239
-189
-639
-1049
-1459
-1858
-2235
-2465
-2493
-2491
-2506
-2464
-2237
-1901
-1587
-1275
-935
-611
-315
-65
136
296
428
521
575
550
472
440
461
430
321
281
274
253
226
238
248
259
295
316
368
431
574
682
846
987
1181
1419
1721
2035
2358
2722
2970
3094
2994
2832
2638
2456
2018
1326
603
-43
-691
-1404
-1956
-2410
-2685
-2876
-2893
-2842
-2658
-2308
-1739
-1208
-878
-592
-179
249
494
653
744
856
888
895
888
864
897
1004
1126
1138
1090
1156
1331
1443
1373
1207
1056
850
564
218
-195
-644
-1074
-1475
-1837
-2271
-2618
-2757
-2725
-2722
-2750
-2631
-2330
-1982
-1683
-1392
-1088
-805
-556
-319
-176
-82
16
96
110
46
-38
-53
-25
-64
-141
-170
-166
-188
-173
-152
-142
-110
-53
-8
58
161
275
429
606
785
1039
1308
1671
2007
2377
2716
3012
3162
3132
2948
2736
2536
2112
1451
661
7
-671
-1383
-1988
-2450
-2782
-2953
-2998
-2878
-2648
-2285
-1703
-1112
-687
-385
52
526
848
1025
1147
1275
1344
1363
1395
1391
1406
1517
1655
1716
1705
1752
1918
2036
1991
1831
1655
1448
1190
824
391
-87
-550
-968
-1358
-1713
-2106
-2259
-2303
-2240
-2219
-2125
-1900
-1553
-1242
-972
-677
-435
-181
50
217
261
324
352
378
342
234
147
162
145
64
9
-33
-35
-44
-30
-34
-61
-31
13
53
104
173
298
461
654
795
1077
1341
1706
2013
2383
2730
3027
3201
3175
3031
2767
2601
2189
1535
734
114
-572
-1288
-1961
-2440
-2705
-2894
-2944
-2889
-2694
-2381
-1797
-1240
-818
-540
-115
374
687
802
896
1082
1157
1153
1150
1154
1191
1321
1467
1557
1550
1590
1790
1938
1908
1740
1588
1451
1202
832
399
-32
-463
-851
-1231
-1580
-1892
-2061
-2069
-2023
-1965
-1858
-1616
-1294
-984
-717
-433
-184
17
184
337
391
409
423
431
403
316
250
231
213
141
90
51
23
5
8
24
-2
-42
-50
8
22
57
98
232
395
537
745
955
1249
1559
1949
2287
2612
2898
3219
3313
3130
2852
2656
2436
1825
1049
304
-291
-1050
-1734
-2298
-2656
-2949
-3046
-2951
-2837
-2651
-2243
-1566
-1071
-824
-550
-35
361
535
624
787
882
894
917
933
932
991
1187
1328
1347
1300
1448
1662
1716
1572
1401
1290
1056
721
324
-124
-579
-997
-1375
-1751
-2088
-2348
-2378
-2361
-2317
-2269
-2048
-1755
-1456
-1200
-971
-672
-513
-325
-197
-100
-131
-68
-51
-100
-179
-226
-237
-247
-261
-329
-316
-326
-354
-360
-341
-376
-403
-431
-402
-381
-375
-339
-266
-166
-27
143
371
611
890
1217
1619
1946
2210
2542
2850
3023
2820
2524
2266
2069
1505
729
-9
-613
-1331
-2028
-2561
-2969
-3225
-3326
-3189
-3083
-2919
-2554
-1843
-1282
-995
-715
-211
228
420
540
704
834
823
882
912
904
914
1088
1255
1279
1206
1262
1460
1516
1365
1180
1038
801
464
86
-341
-788
-1197
-1538
-1875
-2205
-2426
-2458
-2392
-2339
-2237
-2068
-1739
-1476
-1201
-966
-685
-490
-321
-157
-46
2
15
58
37
17
-40
-28
-31
-31
-60
-59
-55
-107
-126
-107
-116
-178
-238
-229
-222
-231
-216
-155
-54
69
256
462
698
954
1253
1628
1986
2299
2594
2925
3201
3387
3199
2940
2639
2464
2004
1247
411
-186
-799
-1557
-2126
-2567
-2799
-2942
-2873
-2825
-2635
-2340
-1761
-1121
-814
-651
-233
249
472
586
668
841
891
912
937
959
960
1104
1286
1329
1279
1309
1501
1642
1551
1325
1183
1005
707
342
-91
-526
-918
-1298
-1644
-1963
-2195
-2298
-2224
-2195
-2144
-1993
-1689
-1391
-1133
-885
-674
-432
-314
-144
-48
18
-6
21
5
-56
-91
-129
-134
-167
-214
-272
-253
-308
-348
-359
-354
-435
-502
-528
-515
-499
-509
-443
-362
-236
-59
168
386
664
979
1363
1747
2089
2402
2775
3085
3297
3163
2915
2616
2477
2079
1302
496
-129
-725
-1476
-2072
-2555
-2793
-2977
-2905
-2865
-2723
-2440
-1867
-1210
-912
-741
-362
183
434
535
616
765
827
859
875
867
903
1054
1257
1320
1290
1336
1559
1756
1695
1480
1352
1229
964
594
174
-258
-642
-1035
-1441
-1802
-2108
-2215
-2173
-2164
-2164
-2056
-1728
-1409
-1148
-920
-658
-416
-255
-105
12
75
92
116
108
46
-9
-28
-14
-51
-123
-155
-161
-194
-267
-271
-289
-342
-419
-465
-459
-468
-475
-482
-391
-296
-139
13
261
482
789
1127
1509
1837
2171
2536
2873
3150
3335
3264
3005
2730
2518
2189
1476
666
19
-487
-1251
-1891
-2345
-2556
-2743
-2799
-2757
-2620
-2347
-1912
-1293
-997
-830
-501
42
307
390
455
629
770
760
764
790
872
984
1170
1255
1245
1289
1481
1677
1659
1424
1276
1214
959
576
158
-240
-626
-1020
-1411
-1774
-2054
-2211
-2189
-2180
-2194
-2092
-1809
-1470
-1219
-1017
-764
-470
-310
-198
-75
5
19
39
19
-42
-101
-142
-145
-164
-249
-306
-292
-320
-374
-416
-422
-493
-594
-647
-658
-690
-733
-749
-719
-665
-564
-405
-240
-19
211
528
833
1161
1451
1842
2167
2476
2624
2886
2939
2739
2427
2142
1941
1319
599
-147
-601
-1323
-1939
-2419
-2673
-2931
-3058
-2956
-2846
-2630
-2418
-1832
-1391
-1180
-977
-488
-156
5
103
269
440
446
470
540
633
691
856
999
1051
1063
1179
1332
1394
1216
1032
959
741
409
21
-337
-725
-1096
-1487
-1815
-2073
-2269
-2329
-2262
-2263
-2218
-1979
-1665
-1383
-1208
-972
-713
-501
-420
-294
-214
-203
-192
-218
-279
-340
-389
-416
-419
-492
-557
-547
-522
-568
-581
-603
-599
-644
-718
-725
-726
-734
-764
-734
-691
-612
-506
-348
-148
64
309
584
883
1156
1505
1839
2149
2397
2633
2824
3022
2954
2669
2345
2105
1833
1183
507
-151
-560
-1208
-1750
-2167
-2384
-2556
-2564
-2469
-2418
-2172
-1843
-1279
-957
-783
-532
-50
231
353
478
647
804
863
881
927
1019
1097
1275
1370
1364
1395
1517
1643
1631
1434
1262
1173
964
606
236
-108
-485
-810
-1181
-1501
-1749
-1889
-1881
-1849
-1844
-1779
-1476
-1161
-876
-693
-415
-140
116
217
333
458
493
549
518
471
380
353
306
263
146
63
53
35
-28
-97
-121
-171
-214
-298
-335
-355
-371
-417
-418
-412
-399
-319
-205
-48
80
283
515
765
1012
1300
1594
1889
2133
2341
2584
2763
2930
2972
2767
2497
2178
1985
1541
932
258
-233
-701
-1334
-1781
-2084
-2250
-2396
-2368
-2354
-2191
-1931
-1555
-1142
-907
-702
-358
54
247
382
535
721
858
902
909
1011
1109
1229
1328
1335
1339
1419
1499
1542
1466
1264
1139
1033
765
397
63
-254
-565
-897
-1247
-1509
-1651
-1737
-1725
-1703
-1672
-1540
-1273
-1004
-788
-595
-379
-118
25
130
210
260
264
259
177
79
7
-71
-105
-184
-302
-365
-336
-349
-392
-411
-440
-438
-460
-497
-523
-550
-587
-610
-616
-618
-589
-501
-395
-273
-123
42
272
519
768
1061
1336
1592
1850
2117
2340
2604
2769
2926
2948
2716
2424
2136
1949
1409
837
227
-219
-796
-1370
-1771
-2086
-2253
-2385
-2389
-2389
-2217
-1977
-1571
-1210
-973
-700
-259
61
252
428
607
769
837
840
796
853
878
945
942
921
916
949
1002
967
829
685
594
401
146
-137
-397
-652
-900
-1182
-1444
-1598
-1682
-1687
-1647
-1583
-1463
-1240
-985
-779
-541
-330
-96
90
189
241
265
273
214
100
-81
-251
-419
-573
-743
-913
-1057
-1137
-1202
-1272
-1306
-1335
-1327
-1312
-1296
-1267
-1233
-1220
-1204
-1145
-1104
-1056
-981
-908
-816
-689
-542
-352
-174
32
213
432
650
865
1065
1290
1528
1711
1899
2048
2176
2248
2110
1864
1591
1401
1088
637
154
-236
-593
-1040
-1355
-1600
-1689
-1669
-1578
-1476
-1309
-1026
-641
-223
87
385
697
1000
1201
1345
1424
1490
1506
1461
1345
1243
1182
1133
1081
937
822
754
724
676
573
443
356
244
83
-108
-312
-496
-663
-823
-1013
-1152
-1213
-1187
-1126
-1050
-941
-743
-499
-224
-3
226
475
688
828
919
955
940
918
798
680
459
272
91
-91
-298
-489
-619
-702
-735
-791
-783
-766
-672
-589
-495
-430
-313
-194
-70
27
131
280
431
565
651
738
810
876
935
1002
1057
1138
1216
1294
1407
1501
1613
1715
1848
1908
1985
2012
2052
1967
1728
1470
1194
990
566
117
-374
-704
-1154
-1540
-1797
-2047
-2108
-2112
-2064
-2041
-1834
-1581
-1245
-949
-702
-455
-156
69
241
373
446
529
555
531
461
448
425
464
410
349
349
380
383
377
301
252
242
163
67
-71
-189
-323
-390
-536
-639
-698
-683
-610
-541
-451
-292
-62
147
384
585
828
1042
1229
1338
1409
1443
1421
1362
1203
1043
851
687
489
272
44
-111
-219
-331
-397
-444
-438
-389
-303
-234
-130
16
163
301
430
561
698
820
900
947
1003
1060
1074
1049
1018
1023
1040
1062
1067
1090
1138
1181
1232
1280
1329
1420
1518
1614
1673
1765
1779
1669
1494
1342
1188
920
592
238
-39
-400
-698
-961
-1186
-1263
-1279
-1275
-1275
-1140
-952
-715
-479
-284
-59
178
379
532
633
679
731
731
669
572
517
446
405
316
184
122
109
65
35
-40
-107
-143
-204
-253
-318
-437
-515
-553
-662
-741
-775
-758
-723
-665
-608
-526
-366
-210
-58
100
251
416
555
644
721
747
747
737
670
550
406
281
148
-26
-229
-427
-558
-655
-769
-883
-956
-955
-928
-901
-849
-780
-669
-556
-438
-345
-251
-120
-10
71
154
248
330
381
410
395
377
370
346
314
286
298
306
331
353
373
422
477
577
685
787
897
1013
1129
1146
1070
964
938
809
632
321
101
-94
-394
-647
-897
-1032
-1098
-1114
-1193
-1210
-1078
-937
-766
-626
-500
-326
-161
-28
79
145
210
272
278
204
153
126
113
92
-31
-100
-99
-117
-135
-171
-230
-209
-211
-240
-289
-352
-386
-382
-410
-490
-534
-549
-535
-529
-529
-504
-424
-321
-240
-155
-54
70
211
317
383
440
494
539
564
520
472
444
381
288
182
65
-29
-119
-219
-295
-378
-445
-506
-539
-585
-606
-598
-604
-595
-588
-562
-527
-470
-451
-397
-332
-247
-177
-118
-52
2
91
142
179
207
247
278
297
308
294
283
303
289
284
294
300
311
334
356
384
457
524
643
749
843
866
864
859
897
860
804
686
595
499
288
162
-3
-56
-91
-188
-306
-339
-297
-246
-154
-100
-28
43
156
245
318
369
419
487
496
449
443
440
419
358
271
241
242
217
165
116
87
86
82
54
0
-30
-52
-46
-87
-125
-145
-141
-136
-153
-146
-137
-105
-97
-69
-36
22
80
136
176
189
224
267
303
303
283
282
281
227
183
126
87
36
-29
-96
-145
-173
-206
-212
-247
-250
-250
-240
-242
-239
-235
-205
-182
-169
-144
-138
-130
-130
-128
-146
-147
-147
-153
-160
-169
-159
-154
-146
-149
-158
-156
-129
-127
-130
-129
-137
-144
-142
-126
-124
-112
-114
-116
-117
-134
-144
-156
-160
-167
-163
-148
-128
-107
-100
-64
-44
1
31
42
65
82
110
138
141
143
137
126
116
100
85
53
26
-11
-42
-60
-75
-104
-132
-169
-166
-160
-183
-195
-222
-233
-242
-260
-258
-270
-266
-257
-253
-239
-234
-224
-196
-174
-145
-116
-90
-62
-25
18
56
96
121
150
169
193
212
240
262
266
264
273
272
271
256
255
243
244
244
233
226
224
227
197
186
152
119
100
57
13
-24
-75
-123
-176
-224
-232
-248
-265
-292
-282
-283
-278
-266
-252
-246
-230
-203
-200
-193
-196
-182
-179
-174
-169
-162
-177
-178
-182
-197
-210
-226
-232
-244
-261
-262
-279
-286
-287
-290
-302
-290
-275
-266
-264
-257
-233
-224
-201
-202
-200
-173
-160
-145
-127
-113
-99
-91
-94
-100
-111
-107
-138
-156
-172
-204
-210
-243
-273
-287
-317
-320
-337
-342
-354
-361
-340
-331
-303
-278
-264
-215
-164
-110
-66
-25
38
79
134
193
262
336
412
475
482
478
456
446
417
367
282
209
110
-8
-99
-189
-234
-265
-321
-387
-385
-380
-352
-322
-299
-251
-197
-136
-72
-15
46
110
169
198
205
226
249
250
220
210
218
207
190
173
153
125
104
87
50
20
-41
-72
-55
-79
-112
-125
-132
-145
-140
-135
-132
-94
-68
-43
-16
3
39
78
105
111
147
184
199
215
208
212
199
176
176
156
130
90
61
39
9
-13
-34
-58
-90
-125
-131
-157
-182
-194
-221
-224
-221
-220
-209
-192
-182
-158
-140
-114
-105
-72
-43
-34
-26
-19
-9
-6
7
0
1
9
-3
-11
-33
-48
-42
-54
-66
-81
-95
-95
-97
-97
-102
-108
-119
-117
-125
-125
-117
-109
-111
-107
-88
-75
-57
-32
-17
-4
5
18
14
-2
6
-1
-8
2
-7
0
-3
-4
-3
-22
-26
-19
-23
-26
-34
-31
-26
-19
-13
-15
-30
-27
-27
-43
-40
-60
-58
-36
-34
-19
-10
6
6
11
16
19
14
21
11
13
9
2
13
21
10
4
11
-4
-4
-6
-21
-28
-28
-59
-76
-72
-56
-65
-60
-61
-52
-54
-53
-47
-30
-26
-31
-21
-25
-9
17
21
22
29
26
31
27
26
19
25
16
31
35
24
23
25
17
4
4
-5
-18
-17
-14
-19
-5
7
10
8
16
29
23
28
29
24
22
24
24
31
40
37
36
37
52
54
63
49
45
58
59
64
65
71
66
64
59
57
46
22
24
16
4
6
6
-2
0
-1
-2
-1
12
24
17
23
29
40
39
44
49
50
64
48
55
57
58
67
70
70
63
61
52
49
29
22
24
17
23
12
13
9
10
6
-5
2
19
30
17
18
9
23
18
21
27
34
37
38
39
39
39
46
60
59
67
70
78
76
82
86
91
114
111
94
80
89
82
71
47
31
38
32
38
18
2
5
8
9
23
17
32
47
55
59
50
57
51
67
65
67
70
80
74
58
53
67
68
52
53
57
63
61
47
29
37
50
48
55
52
51
64
56
61
