SAMPLES:	6267
BITSPERSAMPLE:	16
CHANNELS:	1
SAMPLERATE:	16000
NORMALIZED:	FALSE
-59
-73
-69
-55
-26
1
17
21
4
1
10
16
28
21
28
13
-3
-7
-1
-2
-24
-31
-43
-39
-44
-56
-69
-80
-75
-45
-28
-37
-28
-34
-23
-10
-2
9
28
19
14
27
23
24
9
-13
-11
-3
-14
-31
-36
-30
-33
-35
-20
-21
-28
-36
-34
-34
-27
-19
-14
-31
-44
-36
-20
-4
-6
-3
-9
9
-5
-19
-25
-40
-35
-30
-48
-40
-52
-43
-36
-66
-31
-36
-21
-6
-10
-4
-19
-10
-11
-20
2
6
-6
-6
-18
-18
-22
-8
-23
-43
-29
-50
-55
-64
-86
-81
-78
-63
-59
-78
-59
-75
-65
-49
-44
-52
-54
-29
-35
-30
-30
-35
-23
-28
-38
-37
-58
-67
-70
-59
-55
-63
-57
-71
-74
-74
-71
-52
-64
-68
-70
-82
-69
-78
-65
-64
-60
-51
-76
-78
-74
-80
-50
-57
-71
-75
-72
-60
-75
-66
-70
-72
-79
-82
-98
-109
-123
-105
-71
-70
-79
-102
-90
-91
-72
-55
-49
-57
-58
-59
-49
-44
-44
-45
-41
-38
-33
-27
-49
-44
-45
-46
-59
-45
-48
-55
-56
-62
-54
-46
-38
-29
-27
-31
-53
-43
-21
-22
-9
-17
-34
-20
-32
-19
-4
-17
0
-22
-13
-24
-55
-50
-82
-56
-42
-42
-20
-38
-42
-36
-12
-12
-22
-19
-31
-4
-4
-16
24
-5
19
13
-1
40
0
38
11
2
13
3
47
21
15
10
-2
9
7
24
19
26
21
13
26
22
36
43
38
49
22
37
39
36
40
30
35
34
33
33
37
56
56
44
44
33
52
34
57
79
73
72
85
75
79
64
52
89
102
114
87
55
56
60
82
126
91
81
68
47
76
66
88
68
71
88
99
88
54
62
77
104
137
112
96
78
67
111
90
104
76
57
84
58
101
78
82
91
77
89
64
43
51
56
79
80
77
83
69
89
76
94
114
92
104
105
99
94
67
62
69
96
97
87
77
59
50
59
82
66
77
57
37
68
65
80
64
31
55
72
76
76
44
55
59
96
115
87
34
21
29
59
56
69
22
1
-316
-553
-381
-155
109
-47
-252
-229
-234
-16
74
83
173
112
247
162
96
132
54
128
196
222
153
-52
-157
-156
-81
-1
-3
-67
-173
-214
-193
-125
-75
-40
-25
22
83
30
-4
-11
90
173
205
172
119
39
57
-128
-469
-433
-352
-151
-127
-256
-259
-340
-271
-24
56
193
81
115
176
112
233
195
204
261
208
172
81
-4
-8
-47
-4
-55
-132
-197
-263
-249
-208
-156
-116
-106
-78
-81
-85
-39
78
175
179
187
159
162
153
168
213
141
131
108
65
14
-72
-99
-145
-150
-95
-94
-106
-189
-254
-210
-138
4
27
-15
-26
-40
7
52
67
90
89
110
95
54
28
-47
-71
-35
-10
12
-80
-169
-193
-186
-129
-101
-84
-106
-122
-100
-69
-54
-34
-19
44
74
59
-7
-40
-30
0
81
60
2
-91
-175
-149
-148
-91
-115
-134
-162
-185
-169
-133
-99
-94
-74
-55
34
82
84
51
0
54
125
142
205
151
95
50
39
44
-30
-112
-149
-180
-191
-214
-264
-293
-338
-323
-243
-195
-180
-236
-237
-140
-72
13
32
20
56
101
154
141
151
170
218
229
201
97
77
85
132
207
150
-12
-273
-193
-157
-107
-77
-208
-210
-326
-276
-133
-174
-96
-169
-86
-25
-22
104
-6
-24
7
64
159
100
66
-26
-5
32
49
96
-6
-29
-7
27
67
77
136
213
200
225
212
318
126
46
144
82
194
98
50
12
-188
-57
-48
-59
22
-133
-22
-124
-101
-12
-114
-13
27
53
90
-19
-21
-31
67
163
161
160
68
41
52
149
193
214
186
172
196
220
279
279
285
268
351
157
2
13
3
92
-12
-65
-119
-269
-242
-222
-197
-138
-157
-49
-75
-121
-60
-72
25
100
123
142
95
68
78
73
121
143
143
115
38
18
18
75
118
146
153
160
186
195
221
243
349
364
98
93
-8
10
29
-114
-40
-203
-234
-154
-244
-143
-254
-213
-130
-162
-22
-116
-100
-57
-27
52
52
34
67
35
75
63
69
32
10
76
82
74
13
64
130
146
131
105
110
177
213
325
270
7
-57
-93
7
40
-90
-158
-262
-330
-224
-255
-236
-293
-286
-168
-150
-85
-132
-173
-126
-45
46
57
13
-12
-24
12
30
87
31
22
-30
-25
37
-15
-3
1
43
106
89
133
78
63
128
232
356
75
-67
-160
-137
10
-102
-93
-211
-345
-263
-337
-261
-325
-343
-190
-256
-158
-223
-270
-187
-138
14
54
5
-23
-75
-38
-25
9
35
-11
-26
-57
-15
-59
-53
-25
19
67
35
54
29
19
62
164
278
322
345
307
12
-103
-95
28
107
-34
-136
-285
-380
-342
-326
-282
-291
-268
-236
-284
-271
-276
-214
-92
58
113
98
11
-39
18
78
152
122
94
2
-48
-81
-102
-33
-22
14
21
-11
-35
-56
-60
9
17
111
86
65
37
67
167
249
295
273
103
-39
-74
-80
-37
-182
-249
-339
-409
-439
-479
-456
-445
-389
-276
-306
-278
-294
-220
-93
-33
47
74
87
56
65
108
136
152
138
135
110
97
84
37
57
39
16
-64
-57
0
3
70
82
47
26
-82
24
122
182
232
103
134
187
251
217
-75
-66
-53
10
76
-97
-170
-291
-256
-87
-88
-68
-169
-136
-23
6
70
-9
-40
11
102
188
113
28
-35
-24
15
6
1
-105
-161
-148
-133
-121
-170
-178
-141
-131
-95
-102
-76
-50
-13
101
128
106
94
91
150
179
172
124
44
17
24
27
-35
-119
-160
-164
-162
-148
-209
-281
-320
-484
-500
-406
-364
-286
-356
-352
-273
-296
-184
-243
-264
-231
-160
-14
-24
-29
-11
4
164
267
358
383
428
554
625
669
586
575
595
517
382
206
88
48
49
40
13
-112
-179
-344
-469
-288
-223
-37
-28
-43
32
-88
39
163
238
399
351
411
319
227
225
133
196
183
132
42
-106
-182
-248
-228
-197
-198
-188
-223
-201
-185
-147
-72
-12
108
172
171
169
131
160
214
265
283
229
176
104
43
6
-27
-51
-79
-71
-92
-121
-143
-168
-147
-97
-8
56
73
64
85
126
164
169
180
170
187
138
190
-208
-378
-259
-243
-92
-453
-531
-577
-696
-429
-424
-333
-343
-376
-99
-121
7
30
23
127
182
263
170
54
3
12
36
-9
-55
-147
-211
-248
-231
-151
-134
-18
90
187
273
426
606
817
924
980
1009
825
762
558
449
429
262
193
-122
-360
-457
-635
-526
-533
-508
-434
-473
-320
-274
-184
-9
96
296
417
503
502
451
480
447
465
451
331
219
-3
-99
-219
-316
-336
-426
-423
-440
-456
-398
-388
-290
-197
-85
69
134
259
295
332
401
433
490
471
445
383
281
204
95
29
-64
-109
-132
-239
-269
-323
-302
-258
-261
-163
-132
-72
24
44
153
184
249
285
303
317
258
138
-406
-414
-397
-312
-281
-680
-739
-922
-924
-616
-621
-468
-509
-423
-243
-260
-105
-158
-61
112
254
403
341
280
253
319
510
552
651
582
601
716
831
911
852
696
486
295
181
193
167
205
-293
-526
-562
-495
-308
-388
-289
-268
-322
-32
-7
159
167
236
524
518
608
481
347
334
328
384
261
91
-43
-203
-220
-335
-358
-389
-415
-366
-337
-264
-294
-246
-104
6
180
241
285
310
292
354
382
431
377
353
285
169
98
28
-15
-68
-138
-163
-200
-245
-290
-479
-437
-831
-941
-784
-777
-423
-641
-684
-586
-661
-252
-163
-24
71
-34
194
111
196
224
201
351
452
509
486
449
397
539
883
1101
1284
1127
945
672
472
515
587
440
-114
-346
-481
-490
-535
-691
-636
-709
-533
-214
-235
-120
-173
97
404
549
800
689
600
594
621
699
548
422
262
83
-39
-205
-282
-448
-563
-561
-514
-470
-566
-532
-409
-263
-65
69
194
234
288
406
494
546
532
507
456
353
294
205
106
-12
-128
-166
-218
-275
-360
-390
-397
-379
-256
-174
-116
-50
-22
107
185
278
359
369
366
331
175
109
-265
-676
-670
-784
-636
-804
-1085
-1081
-1281
-1046
-812
-728
-549
-595
-356
-220
-125
21
66
204
392
588
638
703
644
703
856
909
1115
1164
1186
1295
1244
1157
917
439
257
60
348
249
-501
-792
-1054
-790
-653
-700
-455
-668
-464
-108
23
304
191
540
712
839
1037
807
680
494
494
533
311
163
-161
-392
-515
-640
-605
-739
-756
-787
-671
-530
-525
-385
-246
-99
116
260
432
408
159
216
191
222
124
-79
-203
-428
-551
-611
-712
-762
-839
-794
-738
-847
-819
-790
-686
-501
-371
-216
-143
-78
100
243
443
567
708
818
813
813
844
934
1070
1240
1363
1406
1477
1445
1595
1397
1004
231
-706
-691
-401
-136
-432
-1090
-1343
-1524
-1237
-768
-560
-334
-193
218
462
528
565
594
829
1176
1399
1254
839
432
209
159
142
-7
-262
-609
-838
-940
-991
-986
-960
-787
-570
-408
-320
-240
-85
125
390
656
817
804
737
680
633
567
512
473
326
150
-59
-263
-435
-549
-546
-526
-529
-528
-536
-486
-620
-597
-549
-614
-524
-542
-384
-383
-488
-458
-496
-380
-386
-339
-389
-562
-591
-661
-625
-639
-602
-545
-573
-466
-405
-233
-46
132
448
546
791
926
1118
1375
1473
1686
1855
2069
1998
1684
1440
930
626
438
319
83
-570
-935
-1332
-1483
-1329
-1163
-980
-991
-770
-432
-264
50
320
654
904
1140
1330
1280
1169
1011
916
814
649
426
89
-274
-595
-829
-971
-1064
-1115
-1133
-1057
-976
-849
-673
-445
-176
103
374
563
681
780
862
904
927
877
800
650
413
219
26
-141
-323
-448
-676
-975
-1464
-1630
-1659
-1538
-1261
-1276
-1167
-1272
-1185
-812
-578
-265
-111
-29
74
-15
40
-27
-39
8
14
30
-39
-90
-164
-60
24
241
457
564
653
661
849
1184
1574
2086
2209
1848
1395
1102
1002
1089
909
348
-299
-864
-906
-1083
-1383
-1436
-1537
-1301
-1032
-831
-614
-652
-300
204
643
1021
1074
1079
1117
1191
1226
1132
881
508
197
-122
-371
-737
-1178
-1398
-1539
-1496
-1515
-1614
-1596
-1526
-1229
-884
-594
-355
-174
57
327
539
645
707
690
623
532
308
92
-125
-334
-490
-706
-863
-1053
-1203
-1187
-1080
-968
-829
-735
-589
-374
-201
22
249
427
683
811
1022
1217
1277
1409
1508
1646
1754
1914
2098
1794
1922
2250
2210
1880
1180
942
-167
-1568
-1256
-576
-133
-1064
-2073
-2054
-2252
-1351
-458
-274
-191
-238
605
991
925
1122
1034
1305
1661
1872
1592
698
187
-27
-26
-31
-271
-627
-1315
-1600
-1497
-1291
-1161
-1247
-905
-585
-412
-170
-10
296
450
762
1216
1269
1122
842
746
745
632
516
312
-86
-401
-962
-1298
-1445
-1778
-1650
-1721
-1703
-1636
-1907
-1649
-1492
-1198
-660
-518
-256
-288
-247
-78
-77
78
121
-8
-189
-310
-452
-472
-502
-534
-307
-263
-160
43
95
430
572
899
1271
1399
1753
2099
2501
2899
2821
2610
2072
1500
1453
1315
1111
50
-1117
-1484
-1577
-1427
-1641
-1999
-2010
-2069
-1425
-897
-617
-361
-116
584
1116
1436
1538
1394
1429
1552
1673
1522
1023
579
120
-191
-472
-780
-1120
-1510
-1662
-1645
-1620
-1594
-1524
-1223
-884
-514
-120
208
439
630
900
1165
1281
1327
1259
1184
892
472
183
-135
-397
-848
-1238
-1717
-2177
-2309
-2239
-2044
-1972
-1930
-1753
-1649
-1318
-1000
-640
-383
-185
87
94
93
27
-26
-46
-61
-91
-204
-394
-559
-573
-397
-329
-107
-48
14
290
450
748
1054
1288
1676
1905
2182
2466
2625
2634
2276
1819
1628
1581
1442
971
391
-271
-1342
-1752
-1600
-1287
-1235
-1634
-1568
-1490
-1316
-755
-372
191
501
922
1334
1273
1354
1317
1303
1440
1412
1271
755
179
-169
-520
-741
-961
-1127
-1329
-1558
-1575
-1518
-1423
-1215
-891
-423
-104
144
382
595
817
1006
1149
1104
1014
854
613
331
-213
-619
-894
-1150
-1275
-1681
-1897
-2078
-2176
-1969
-1790
-1485
-1304
-1154
-831
-672
-399
-188
-104
36
47
113
-5
-103
-232
-268
-279
-402
-307
-405
-354
-202
-267
21
-65
199
213
507
1284
1435
1722
1448
1639
2120
2349
2891
2883
2830
2463
1932
2016
1787
1616
737
-682
-1371
-1469
-997
-1040
-1678
-2061
-2222
-1847
-1134
-672
-368
-265
231
986
1358
1540
1495
1483
1695
1896
1947
1545
876
389
82
-123
-409
-780
-1195
-1585
-1709
-1620
-1577
-1560
-1369
-1030
-637
-297
54
317
522
753
984
1201
1174
986
737
231
-86
-276
-450
-639
-1102
-1459
-1790
-1960
-1951
-1984
-1914
-1892
-1784
-1551
-1401
-1085
-903
-664
-448
-271
-79
-20
152
70
-26
-77
44
210
93
-19
-270
-295
-326
-220
233
162
13
-151
161
924
1148
1279
1342
1572
2319
2567
3288
3792
4341
4365
3337
2303
1624
999
33
-380
-377
-558
-1713
-3005
-3316
-3361
-3046
-2106
-1476
-775
-886
-484
60
471
1320
1869
2349
2652
2554
2378
1780
1377
1223
872
584
100
-435
-1263
-2041
-2283
-2241
-2204
-2079
-1888
-1669
-1574
-1314
-773
-213
199
606
1030
1256
1221
1015
742
637
621
612
339
-289
-994
-1560
-1750
-1855
-1949
-2071
-2216
-2216
-2169
-2016
-1786
-1647
-1312
-907
-540
-249
-221
-102
37
175
352
319
186
21
-42
-165
-417
-528
-568
-415
-406
-352
-410
-459
-124
362
853
1236
1285
1731
2087
2366
2999
3113
3875
3819
3560
3779
3955
4120
2351
-999
-2282
-1624
197
87
-1884
-3302
-4480
-4120
-2855
-1877
-1227
-1296
-684
503
946
1208
968
1333
2389
3263
3487
2730
1644
935
489
582
563
102
-885
-1950
-2289
-2435
-2667
-2723
-2441
-1860
-1474
-1205
-873
-669
-253
384
1273
1917
1984
1850
1585
1422
1293
1137
852
347
-83
-681
-1290
-2045
-2703
-3210
-3411
-3121
-2967
-2873
-3007
-2965
-2405
-1821
-1035
-594
-335
-54
85
420
494
563
523
358
329
70
-197
-594
-845
-911
-996
-926
-953
-860
-641
-460
-28
443
697
1207
1597
2170
2588
2709
3329
3534
3920
3975
3736
3732
3175
3165
3886
2142
-1153
-3532
-2721
-335
-882
-2261
-3286
-4426
-3961
-2869
-1391
-678
-1110
78
989
1649
1981
1508
1749
2355
3244
3634
2556
1494
611
74
-55
-160
-338
-1417
-2526
-2730
-2635
-2682
-2870
-2478
-1693
-1261
-779
-351
-32
205
656
1601
2044
1925
1626
1089
888
586
436
104
-643
-1229
-1734
-2124
-2593
-2898
-2910
-2817
-2538
-2314
-2161
-2105
-1885
-1376
-870
-391
-177
-7
97
149
287
334
314
142
-5
-145
-376
-582
-815
-944
-1033
-949
-872
-947
-712
-546
-203
317
471
1005
1456
1953
2651
2754
3036
3358
3768
4479
4557
4153
3810
3501
3813
2587
-870
-2782
-2450
-585
-431
-2584
-3722
-4863
-4694
-3135
-1952
-852
-1127
-594
715
1290
1868
1691
1886
2749
3433
3786
2944
1793
1005
342
218
156
-193
-1188
-2474
-2908
-2917
-2993
-2953
-2677
-2050
-1634
-1258
-680
-282
94
644
1406
2153
2005
1618
1270
955
941
675
411
-195
-1085
-1579
-1978
-2294
-2692
-3054
-2991
-2745
-2435
-2324
-2355
-2224
-1672
-992
-441
-219
-275
-156
71
359
581
485
202
-53
-150
-212
-473
-681
-802
-942
-933
-879
-876
-818
-657
-184
193
495
877
1313
1917
2353
2849
3239
3684
4255
4625
4792
4357
3829
3867
3290
1126
-1728
-2414
-1135
-541
-1714
-3445
-4629
-5032
-4201
-2727
-1599
-1337
-1062
-133
818
1489
1727
1863
2406
3217
3830
3512
2521
1578
892
529
315
86
-664
-1934
-2824
-3045
-3051
-3239
-3139
-2570
-2068
-1658
-1235
-685
-229
267
986
1845
2170
1728
1503
1282
1237
1094
647
320
-460
-1147
-1592
-2208
-2432
-2827
-2854
-2810
-2868
-2595
-2650
-2425
-1950
-1366
-772
-468
-202
-115
-7
233
446
705
519
245
77
-213
-362
-560
-655
-778
-967
-1090
-1138
-922
-742
-597
-396
-119
332
794
1268
1711
2127
2588
2923
3562
3991
4542
4813
4382
4250
3691
3787
2898
-468
-2357
-2462
-606
-322
-2770
-3828
-4964
-4784
-3388
-2481
-1037
-1278
-761
547
1079
1902
1743
1913
2814
3527
4046
3238
2040
1347
630
421
276
-86
-988
-2399
-2956
-2935
-3069
-3137
-2984
-2249
-1759
-1430
-853
-426
20
564
1367
2103
2227
1802
1539
1254
1093
910
537
108
-711
-1433
-1893
-2412
-2685
-3062
-3183
-3027
-2873
-2535
-2508
-2313
-1883
-1277
-616
-220
64
98
43
223
451
622
486
223
-35
-315
-526
-719
-798
-910
-1021
-940
-960
-860
-697
-578
-232
191
915
1363
1385
1738
2404
3093
3777
4237
4777
4678
4151
3950
4017
4275
2976
-69
-2318
-2302
-806
-600
-2491
-4024
-4926
-4628
-3456
-2293
-1495
-1495
-991
435
1475
1991
1820
1858
2684
3552
4021
3473
2387
1464
758
492
381
-91
-1106
-2329
-2852
-2880
-3052
-3257
-3121
-2536
-1936
-1408
-822
-391
-74
360
1203
2021
2121
1829
1628
1467
1334
948
609
175
-544
-1071
-1588
-2069
-2521
-2873
-2876
-2875
-2710
-2617
-2610
-2327
-1919
-1286
-840
-467
-138
57
264
383
510
505
390
273
112
6
-326
-573
-779
-953
-1010
-1214
-984
-908
-761
-605
-525
-28
277
772
1439
1826
2396
2635
3002
3527
3804
4631
4791
4426
3869
3375
3959
3444
709
-2262
-3187
-1348
-476
-1787
-3344
-4652
-4840
-3954
-2385
-1082
-1131
-945
175
1325
2067
1991
1926
2399
3200
3883
3604
2552
1457
561
180
88
-60
-801
-2118
-2897
-3058
-3053
-3166
-3110
-2529
-1934
-1407
-755
-313
29
187
854
1904
2384
2407
1753
1136
851
669
775
371
-398
-1211
-2001
-2333
-2691
-2931
-2940
-2935
-2683
-2513
-2417
-2302
-2081
-1492
-800
-266
36
147
133
166
278
400
408
265
73
-195
-512
-812
-951
-1056
-1070
-1011
-1007
-976
-903
-895
-719
-267
264
818
1135
1556
1759
2111
2683
3272
3602
4024
4530
4627
4030
3444
3372
3734
3091
499
-2271
-2863
-1514
-856
-2059
-3429
-4177
-4386
-3551
-2268
-1191
-1056
-709
530
1600
2122
2059
1875
2325
3076
3673
3430
2438
1405
494
-41
-144
-326
-1067
-2172
-2782
-2806
-2945
-3186
-3040
-2426
-1744
-1141
-475
3
184
301
917
1873
2333
2347
1670
960
659
486
556
107
-683
-1387
-2083
-2323
-2634
-2895
-2919
-2859
-2439
-2139
-2005
-1968
-1844
-1254
-535
6
293
302
196
208
301
450
408
164
-74
-301
-531
-741
-978
-1120
-1159
-1045
-872
-829
-729
-602
-441
-11
454
964
1376
1512
2069
2313
2820
3301
3349
3894
4157
4540
4149
3459
3286
3275
3597
1738
-1578
-3079
-2377
-523
-1146
-2690
-3366
-4130
-3540
-2493
-1059
-405
-608
444
1590
2367
2485
1987
2191
2763
3553
3733
2853
1768
697
-65
-303
-302
-606
-1576
-2475
-2639
-2543
-2753
-2818
-2311
-1519
-847
-248
317
546
663
961
1698
2500
2636
2439
1648
707
447
223
324
-235
-1113
-1699
-2431
-2639
-2790
-2920
-2657
-2481
-1921
-1656
-1673
-1520
-1350
-674
-23
453
648
465
288
179
249
350
280
98
-133
-352
-648
-935
-1127
-1088
-884
-723
-587
-599
-446
-293
-57
345
882
1544
1972
2375
2693
2976
3285
3576
4137
4645
4378
4050
3480
3526
3953
2672
-317
-3122
-2831
-721
-568
-1981
-3401
-4205
-4082
-3212
-1486
-630
-739
-133
1106
2172
2419
2050
1974
2424
3364
3908
3330
2161
975
72
-352
-270
-356
-1228
-2371
-2791
-2686
-2741
-2993
-2691
-1944
-1249
-557
94
433
495
713
1479
2132
2297
2326
2015
1559
538
186
71
-229
-628
-1335
-1815
-2450
-3024
-2993
-3018
-2600
-2164
-1877
-1676
-1740
-1363
-949
-433
127
487
592
444
354
322
210
63
3
-39
-336
-697
-988
-1159
-1290
-1271
-1062
-959
-790
-673
-577
-414
-108
487
892
1292
1794
2124
2631
2724
2990
3361
3623
4206
4209
3661
3039
2899
3433
3258
1136
-1907
-3487
-2484
-1087
-1181
-2492
-3579
-4049
-3547
-2276
-1076
-658
-533
346
1627
2399
2342
1813
1669
2302
3075
3305
2575
1365
182
-666
-836
-767
-1172
-2028
-2672
-2710
-2657
-2776
-2798
-2397
-1735
-924
-72
513
642
624
968
1578
1939
2084
2022
1849
1117
-59
-401
-672
-765
-1174
-1759
-2140
-2882
-3136
-3068
-2903
-2357
-2010
-1594
-1464
-1297
-890
-695
-244
179
505
532
353
229
-12
-173
-309
-278
-392
-744
-935
-1276
-1416
-1423
-1284
-1013
-864
-669
-451
-238
43
332
748
1133
1460
1995
2378
2835
3029
2917
3210
3527
3945
3915
3275
2716
2559
3047
2742
978
-1771
-3298
-2323
-1133
-1160
-2063
-2986
-3189
-2978
-1772
-652
-340
-83
646
1892
2471
2299
1876
1601
2093
2731
2881
2331
1168
116
-718
-987
-890
-1178
-1826
-2371
-2351
-2213
-2326
-2253
-1903
-1254
-504
292
890
961
880
1057
1531
1954
1765
1638
1197
701
319
-238
-509
-1101
-1467
-1619
-1982
-2141
-2477
-2593
-2387
-2040
-1386
-1251
-1220
-961
-639
-239
-1
223
336
302
309
295
140
-163
-390
-442
-492
-623
-871
-1105
-1301
-1355
-1085
-826
-712
-662
-411
-118
124
421
629
1084
1464
1856
2142
2252
2633
2838
3109
3225
3247
3521
3453
3179
2765
2379
2762
2875
1967
-26
-2359
-2601
-1649
-824
-881
-1845
-2286
-2397
-1937
-864
-296
120
541
1402
2343
2372
2070
1573
1515
2067
2482
2470
1707
657
-222
-838
-882
-916
-1225
-1670
-1886
-1668
-1626
-1718
-1605
-1216
-524
168
847
1134
1095
1046
1190
1422
1444
1511
1353
923
381
-115
-423
-814
-1124
-1257
-1566
-1707
-1895
-1971
-1957
-1859
-1400
-1071
-740
-643
-622
-449
-265
44
173
153
118
11
-31
-189
-380
-509
-670
-686
-752
-750
-930
-1120
-1110
-922
-729
-484
-342
-159
90
210
522
741
942
1220
1502
1878
2239
2322
2473
2671
2838
3026
3111
3292
3160
2863
2570
2523
2650
2823
1992
109
-2078
-2471
-1332
-566
-825
-1585
-2057
-2155
-1770
-861
-338
-170
398
1340
2137
2198
1814
1253
1101
1708
2268
2141
1407
510
-273
-874
-961
-924
-1258
-1678
-1689
-1401
-1401
-1635
-1590
-1274
-668
89
756
1019
872
725
856
929
1042
1168
1026
698
189
-148
-524
-960
-1217
-1358
-1401
-1479
-1594
-1750
-1888
-1781
-1442
-1052
-719
-640
-615
-550
-384
-224
-135
-113
-148
-159
-193
-324
-539
-781
-867
-850
-780
-817
-999
-1062
-1087
-1001
-779
-549
-381
-237
-80
247
340
481
631
855
1191
1548
1786
1847
1873
2092
2281
2485
2674
2824
3229
3236
2992
2375
1941
2228
2841
2469
689
-1703
-2364
-1550
-835
-846
-1493
-1874
-2094
-1712
-887
-498
-453
-116
786
1820
2083
1741
1061
801
1296
1797
1889
1402
641
-126
-682
-757
-865
-1215
-1615
-1613
-1266
-1174
-1330
-1457
-1346
-858
-209
528
848
817
726
783
955
768
828
774
633
368
-57
-410
-861
-1212
-1260
-1353
-1311
-1371
-1505
-1609
-1599
-1316
-1089
-896
-634
-507
-485
-446
-375
-311
-367
-326
-276
-271
-420
-624
-833
-953
-949
-875
-841
-883
-965
-934
-872
-757
-566
-368
-158
34
296
522
566
602
860
1136
1568
1895
2120
2196
2250
2256
2370
2521
2745
3029
2884
2655
2234
2078
2371
2421
1832
169
-1758
-1860
-1135
-515
-849
-1537
-1637
-1815
-1372
-676
-458
-264
102
1019
1771
1807
1492
852
782
1306
1687
1653
1066
429
-247
-725
-697
-852
-1172
-1506
-1395
-1047
-1059
-1177
-1314
-1133
-662
-90
528
747
703
664
758
871
875
713
400
262
192
51
-398
-915
-1176
-1266
-1254
-1157
-1251
-1436
-1554
-1385
-1052
-842
-768
-711
-651
-488
-328
-334
-363
-472
-468
-403
-402
-483
-671
-860
-936
-899
-872
-879
-960
-960
-867
-734
-576
-494
-417
-243
36
300
447
607
727
900
1204
1491
1759
1873
1989
2057
2088
2288
2502
2585
2838
2779
2558
2165
2060
2497
2583
1894
437
-1481
-1804
-1270
-603
-784
-1397
-1568
-1746
-1462
-894
-683
-539
-145
738
1535
1591
1284
665
525
987
1467
1500
1032
439
-172
-635
-737
-896
-1199
-1469
-1364
-1102
-1108
-1277
-1412
-1341
-918
-331
259
483
458
428
533
701
698
567
623
324
-33
-196
-429
-650
-1136
-1193
-1223
-1247
-1297
-1404
-1530
-1476
-1259
-1015
-908
-797
-706
-825
-803
-638
-578
-616
-645
-613
-629
-768
-901
-943
-1044
-1106
-1035
-929
-954
-1008
-1054
-984
-861
-680
-447
-379
-262
-114
194
364
607
762
1006
1249
1520
1777
1879
1923
1982
2214
2569
2708
2919
2996
2632
2306
2177
2421
2604
1877
728
-1298
-1837
-1231
-640
-822
-1471
-1601
-1682
-1557
-863
-544
-483
-135
743
1623
1690
1433
895
652
1074
1539
1607
1177
571
12
-491
-600
-752
-1121
-1402
-1300
-966
-940
-1114
-1276
-1252
-830
-237
374
662
650
605
720
940
1001
861
540
466
406
380
9
-458
-843
-1045
-951
-901
-939
-1148
-1319
-1254
-1044
-802
-733
-706
-583
-435
-405
-424
-460
-501
-492
-433
-354
-426
-600
-768
-814
-821
-808
-827
-802
-786
-705
-682
-674
-532
-456
-262
-104
182
388
439
502
791
1067
1532
1783
1989
2081
1964
2120
2376
2514
2641
2653
2800
2855
2479
2495
2443
2658
2004
1090
-421
-1172
-1067
-612
-562
-991
-1156
-1348
-1292
-890
-481
-328
5
704
1450
1579
1433
1128
847
995
1401
1542
1269
800
335
-153
-448
-639
-909
-1146
-1104
-917
-850
-955
-1098
-1132
-868
-360
145
488
587
629
675
816
974
741
698
482
461
375
140
-223
-784
-989
-1018
-916
-983
-1110
-1263
-1306
-1209
-1053
-972
-926
-766
-583
-494
-421
-573
-691
-684
-604
-518
-637
-774
-944
-1028
-1104
-1078
-1109
-1108
-1137
-1029
-950
-911
-920
-867
-681
-450
-256
-76
104
260
325
630
889
1178
1313
1458
1635
1789
2022
2001
2120
2119
2629
2614
2377
2042
1912
2095
2306
2076
1311
-452
-1575
-1388
-709
-498
-1103
-1324
-1410
-1289
-912
-648
-634
-458
237
1132
1522
1472
929
471
578
1127
1348
1029
607
226
-209
-461
-678
-953
-1290
-1320
-966
-775
-828
-1099
-1176
-947
-501
39
386
507
524
641
807
933
914
947
726
500
527
98
-135
-678
-756
-929
-996
-944
-1079
-1189
-1380
-1239
-1068
-865
-724
-600
-473
-360
-240
-324
-341
-354
-429
-343
-372
-463
-662
-936
-1075
-1094
-1007
-999
-1027
-995
-971
-859
-861
-721
-603
-420
-210
2
157
287
385
633
833
1144
1459
1619
1792
1686
1929
1983
2326
2475
2640
2474
2267
1944
1947
2057
2260
2178
1517
190
-1195
-1306
-858
-445
-746
-937
-920
-836
-716
-566
-474
-238
355
1143
1567
1563
1137
587
484
927
1224
1076
736
474
104
-336
-647
-862
-1050
-1046
-749
-508
-574
-802
-977
-894
-472
15
373
523
626
741
760
793
815
790
728
630
696
378
-94
-521
-731
-676
-800
-802
-923
-984
-1048
-1069
-953
-821
-645
-502
-317
-114
-91
-159
-286
-252
-194
-184
-274
-382
-522
-730
-932
-1020
-1054
-1089
-1078
-1012
-928
-908
-892
-841
-622
-441
-219
-62
109
273
360
526
637
858
962
1168
1398
1570
1663
1631
1802
2073
2274
2235
1980
1833
1813
1954
1945
1956
1920
1381
-80
-1159
-1022
-405
-279
-591
-600
-683
-757
-653
-448
-346
-78
513
1120
1434
1462
934
367
460
974
1152
943
795
543
91
-273
-412
-591
-873
-801
-490
-296
-349
-600
-807
-723
-327
100
372
540
642
664
686
715
791
744
653
665
617
471
95
-110
-523
-670
-670
-635
-627
-865
-864
-931
-821
-774
-721
-579
-442
-211
-159
-125
-182
-261
-255
-249
-181
-252
-419
-576
-742
-749
-835
-920
-966
-974
-907
-838
-737
-705
-574
-375
-83
155
296
375
553
668
899
1038
1198
1278
1382
1558
1639
1797
1993
2166
2080
1945
1816
1964
2086
2098
1937
1840
747
-725
-1201
-575
-78
-565
-715
-759
-841
-772
-553
-423
-339
183
844
1176
1438
1291
642
359
878
1354
1153
913
799
425
42
-216
-389
-702
-804
-542
-364
-268
-483
-759
-818
-554
-29
269
471
618
708
792
798
844
875
866
910
982
904
581
117
-114
-243
-383
-416
-475
-561
-744
-835
-789
-766
-686
-613
-435
-214
-71
-42
-148
-132
-107
-18
43
49
-21
-243
-408
-581
-684
-760
-833
-883
-877
-865
-933
-955
-879
-699
-471
-204
59
266
473
628
847
940
1164
1195
1451
1689
1972
2124
2055
2092
1815
2008
1958
2217
2001
2119
691
-880
-1416
-896
-356
-984
-837
-1115
-1110
-1078
-803
-797
-739
-50
700
1125
1570
1370
659
355
878
1329
1118
1053
813
394
21
-292
-579
-985
-1074
-917
-771
-566
-779
-1118
-1285
-1018
-493
-136
180
350
475
640
671
714
734
738
774
881
1034
833
402
79
-195
-274
-289
-373
-545
-822
-900
-1042
-1047
-1059
-1046
-897
-716
-364
-301
-279
-345
-301
-143
-12
115
78
10
-111
-270
-389
-505
-658
-748
-796
-794
-880
-974
-1117
-1155
-1093
-946
-762
-608
-464
-324
-147
36
215
415
605
786
969
1134
1245
1330
1452
1642
1780
1911
1919
1948
2044
1993
1900
1279
-254
-1103
-1095
-264
-439
-848
-1051
-1339
-1240
-1167
-777
-802
-418
233
733
1093
1172
768
318
496
1212
1320
1143
948
546
180
-149
-312
-620
-875
-803
-719
-611
-667
-993
-1235
-1201
-711
-259
40
192
252
387
512
606
676
725
803
875
987
898
599
233
11
-61
-42
-64
-277
-438
-702
-775
-933
-956
-978
-859
-640
-513
-389
-379
-371
-334
-269
-32
86
163
130
51
-53
-185
-252
-387
-444
-466
-524
-609
-771
-871
-929
-888
-758
-651
-536
-438
-329
-219
-130
19
164
334
486
624
706
752
770
776
761
846
946
1132
1342
1629
1825
2022
2299
2051
1457
-205
-581
-404
371
190
-333
-638
-1127
-1013
-1082
-877
-908
-545
51
538
820
768
182
-85
289
1044
1296
1161
1028
624
336
115
-38
-252
-441
-290
-189
-145
-359
-852
-1155
-1116
-638
-288
-85
33
57
137
215
303
386
452
604
752
918
868
576
235
129
133
237
100
-7
-285
-420
-658
-882
-832
-922
-793
-777
-534
-573
-606
-616
-558
-385
-159
5
90
64
106
-46
-128
-168
-154
-183
-238
-214
-304
-476
-626
-698
-697
-610
-531
-413
-338
-224
-177
-121
28
167
391
555
739
821
873
839
827
882
1030
1149
1169
1181
1011
959
751
798
492
144
-87
-159
42
-85
-208
-532
-611
-496
-377
-227
-195
-62
48
186
351
383
347
315
401
583
635
559
332
142
60
-27
-68
-179
-269
-344
-431
-427
-488
-534
-575
-538
-370
-228
-175
-137
-378
-289
-325
-220
-201
-161
-61
-317
-277
-449
-402
-540
-573
-549
-519
-403
-499
-560
-696
-666
-580
-511
-436
-330
-354
-270
-190
-41
79
216
449
635
790
797
855
946
1084
1223
1320
1546
1788
1869
1440
889
-503
-772
-732
-48
-325
-726
-883
-1375
-1165
-1307
-1017
-1051
-596
62
411
621
545
196
31
350
1060
1188
1051
956
566
366
71
-100
-346
-480
-375
-393
-388
-647
-1075
-1282
-1236
-806
-506
-324
-231
-220
-48
26
110
201
345
550
690
823
740
452
262
137
199
237
208
71
-170
-284
-413
-474
-533
-549
-467
-323
-135
-99
-154
-191
-170
-12
187
327
364
312
287
234
178
119
5
-43
-69
-55
-138
-310
-477
-594
-601
-548
-497
-457
-483
-435
-417
-349
-345
-425
-280
-207
-14
-57
-12
-81
-150
-136
-180
-171
-227
-233
-290
-448
-537
-565
-569
-566
-510
-426
-448
-383
-378
-348
-295
-220
-93
-36
56
75
80
43
34
31
43
35
92
73
70
-37
-35
-70
-114
-70
-89
14
-27
30
-26
-41
-12
18
60
95
147
151
127
73
83
33
54
18
30
-26
-36
-79
-158
-136
-201
-173
-215
-167
-198
-192
-179
-207
-161
-187
-129
-123
-58
-47
-21
-37
10
29
93
114
147
179
204
240
225
239
220
245
194
226
148
211
188
227
209
192
221
197
258
281
348
274
192
52
-32
-121
-118
-164
-231
-308
-348
-382
-445
-450
-480
-422
-360
-242
-204
-198
-222
-214
-188
-113
-49
-40
-66
-71
-55
-68
-93
-122
-114
-86
-27
17
35
40
27
92
131
224
287
370
432
497
568
641
772
930
937
588
302
77
217
241
253
44
-157
-192
-280
-225
-360
-329
-287
-152
50
136
111
-20
-42
115
296
453
449
361
312
249
245
141
73
18
-27
7
-49
-139
-316
-456
-438
-380
-266
-246
-250
-236
-220
-147
-128
-60
6
80
188
247
264
202
165
164
204
264
243
184
112
38
18
-63
-102
-133
-144
-122
-129
-104
-159
-175
-164
-103
-4
46
102
82
105
110
113
131
100
108
125
122
103
42
-35
-88
-125
-102
-103
-113
-141
-164
-155
-187
-149
-128
-91
-32
-15
40
48
81
106
100
140
155
193
179
172
138
101
96
61
62
26
30
-19
-19
-45
-50
-42
-27
-1
2
40
40
68
60
99
89
116
147
155
122
101
106
87
69
61
56
26
0
-28
-55
-62
-70
-79
-84
-84
-78
-76
-90
-69
-68
-39
-23
-14
8
-9
-8
-16
-3
9
9
15
-5
-12
-35
-36
-76
-71
-88
-93
-75
-96
-72
-125
-105
-123
-108
-87
-77
-40
-44
-14
-34
-25
-27
-29
-7
-13
9
0
-9
-27
-42
-35
-28
-30
-59
-66
-72
-83
-62
-58
-79
-72
-43
-18
-19
-6
-19
-1
26
26
60
56
75
53
44
48
26
70
24
38
17
16
17
-8
28
9
15
5
5
30
-1
35
43
38
56
36
70
39
63
37
54
71
81
71
93
-49
-17
-86
10
-8
-26
-10
-126
9
-105
25
-77
1
-2
16
66
26
71
-14
47
44
90
58
68
4
14
-5
25
15
-3
19
-27
57
-22
5
-85
-33
-7
7
49
-14
19
-24
27
19
16
35
9
52
49
64
54
29
27
2
19
20
22
5
-29
-20
-16
-16
-4
-48
-19
-41
-20
-42
-33
-48
-56
-7
-16
28
2
31
8
37
48
36
71
48
58
16
20
7
15
16
1
35
2
-1
-38
-16
-30
-16
-1
-4
24
26
33
11
28
8
19
29
48
66
42
62
52
49
42
39
43
24
14
5
13
-4
9
1
7
-10
-7
-11
-11
0
0
19
3
-4
-2
-6
12
2
5
0
22
13
9
-5
-19
-10
-14
-10
-22
-20
-17
-7
-27
-11
-17
-24
3
-18
8
-42
2
-15
59
72
-25
-30
-29
-7
-14
45
16
-3
35
9
-16
-3
-10
-56
-51
20
74
53
35
11
10
34
20
-1
-2
29
26
21
24
13
11
-5
15
21
33
20
18
21
15
30
6
18
-13
9
-14
-1
14
34
43
37
77
36
65
22
45
40
61
61
57
72
55
88
59
52
32
42
31
34
41
21
19
26
29
28
43
35
48
55
67
67
50
44
27
53
34
55
29
30
1
27
33
27
32
12
7
-9
9
-13
15
8
30
45
37
39
10
7
-7
14
11
20
16
3
10
6
5
-25
-13
-16
3
-17
-30
-37
-20
-21
-16
-16
-19
-24
-28
-26
-20
-45
-45
-44
-27
-31
-37
-46
-36
-31
-29
-8
-28
-19
-47
-32
-41
-15
-28
-38
-48
-53
-43
-36
-25
-46
-20
-24
-11
-17
-11
3
