SAMPLES:	5253
BITSPERSAMPLE:	16
CHANNELS:	1
SAMPLERATE:	16000
NORMALIZED:	FALSE
-84
-102
-122
-128
-127
-135
-141
-141
-128
-147
-149
-143
-130
-108
-82
-58
-40
-19
-3
18
40
47
49
61
66
68
53
39
30
-1
-27
-67
-96
-124
-146
-156
-174
-182
-199
-208
-209
-208
-214
-209
-192
-183
-166
-156
-126
-118
-96
-82
-66
-32
-19
-6
-6
-6
-3
20
14
15
14
4
-5
-29
-52
-76
-93
-104
-126
-132
-147
-145
-150
-164
-159
-161
-164
-151
-139
-136
-128
-109
-93
-69
-59
-54
-40
-39
-26
-23
-26
-14
-11
-17
-15
-4
-8
-12
-19
-26
-36
-63
-76
-96
-119
-115
-127
-162
-160
-158
-164
-176
-173
-161
-160
-153
-148
-131
-122
-118
-113
-95
-78
-75
-68
-65
-61
-62
-57
-68
-74
-78
-70
-67
-67
-73
-65
-56
-54
-53
-64
-72
-87
-92
-99
-100
-106
-113
-117
-122
-116
-126
-132
-130
-128
-119
-121
-100
-101
-86
-79
-60
-33
-40
-42
-49
-44
-43
-45
-20
-3
-11
-4
-7
-7
-12
-18
-16
-23
-21
-32
-43
-55
-58
-50
-72
-73
-80
-81
-76
-82
-68
-72
-63
-50
-46
-29
-12
-14
-12
-5
-9
-4
7
15
6
9
20
18
5
-4
2
-5
1
-4
-9
-23
-29
-26
-16
-20
-22
-30
-46
-22
-39
-46
-48
-45
-36
-45
-49
-59
-48
-34
-27
-26
-25
-27
-23
-9
-10
-21
-21
-19
-16
-20
-19
-29
-27
-39
-35
-23
-26
-22
-41
-38
-41
-47
-38
-44
-54
-54
-53
-54
-56
-50
-37
-25
-17
-7
2
-1
9
26
37
37
36
43
30
36
35
30
11
1
-3
-3
-2
-19
-17
-35
-35
-35
-42
-52
-49
-35
-29
-43
-34
-25
-23
-12
2
16
17
23
28
43
64
71
68
82
84
89
86
87
76
69
57
51
54
39
16
6
11
6
-12
-19
-5
-16
-8
-19
-11
-4
-1
14
10
24
31
33
47
55
61
78
84
80
82
95
96
103
100
90
82
76
71
56
56
48
32
34
18
17
5
0
-4
-1
-4
5
14
-13
-4
-14
-3
7
11
30
42
62
70
76
76
70
66
80
73
71
67
61
59
64
67
51
52
52
41
32
17
12
-3
-13
-15
-16
-18
-22
-28
-19
-7
-13
-9
2
13
11
5
5
12
19
29
56
62
67
72
80
78
82
86
81
75
62
69
62
57
38
24
18
16
6
3
3
-7
-2
-8
-7
-5
-1
10
13
11
19
20
27
45
37
45
56
56
67
71
66
63
66
79
88
89
92
90
86
83
85
86
85
65
57
48
45
42
35
27
16
9
0
-5
-16
-25
-28
-20
-13
0
-2
1
13
8
-6
-7
-9
-12
-21
-31
-36
-52
-59
-63
-61
-56
-63
-76
-73
-59
-54
-48
-38
-27
-42
-33
-34
-29
-16
-19
-2
6
35
54
81
91
127
153
209
246
286
334
381
467
544
651
772
953
1092
1215
1231
1167
1059
1018
961
714
409
145
-129
-451
-665
-873
-994
-1070
-1011
-992
-955
-794
-571
-327
-113
87
152
292
458
508
492
531
531
469
407
380
352
355
449
478
414
428
474
460
482
467
357
220
123
-17
-216
-371
-439
-566
-679
-730
-779
-777
-700
-609
-581
-549
-534
-494
-430
-393
-426
-439
-417
-433
-454
-416
-332
-245
-151
-63
22
79
191
301
380
407
416
447
493
539
585
654
769
937
1100
1243
1379
1511
1712
1823
1692
1328
1134
1009
657
87
-339
-705
-1172
-1487
-1734
-1884
-1976
-1722
-1537
-1380
-1106
-738
-345
42
430
514
615
864
990
844
812
827
725
583
536
458
361
474
569
524
475
513
498
481
472
308
72
-64
-222
-538
-800
-911
-1028
-1155
-1170
-1121
-1082
-858
-536
-268
-65
163
365
491
597
606
496
384
268
-3
-294
-464
-608
-777
-844
-886
-942
-920
-746
-617
-526
-402
-291
-226
-183
-127
-162
-142
-93
-93
-113
-31
99
251
454
690
916
1176
1499
1809
2050
2230
2335
2360
2286
2009
1589
1144
752
208
-473
-1104
-1552
-1990
-2269
-2419
-2433
-2379
-2152
-1780
-1482
-1109
-714
-292
20
301
447
524
658
756
696
621
626
582
555
551
612
642
707
797
803
765
728
668
538
349
69
-280
-573
-839
-1137
-1432
-1615
-1682
-1711
-1653
-1490
-1275
-991
-631
-281
2
202
410
575
647
577
429
253
63
-195
-458
-684
-868
-999
-1120
-1152
-1161
-1088
-994
-836
-737
-682
-615
-550
-511
-537
-548
-595
-590
-594
-570
-512
-379
-190
17
246
505
791
1063
1385
1679
1915
2110
2261
2333
2309
2244
2049
1656
1112
644
237
-311
-936
-1446
-1785
-2146
-2379
-2501
-2444
-2330
-2063
-1778
-1520
-1193
-833
-435
-133
146
287
426
602
713
718
751
814
844
821
813
855
871
912
902
840
737
609
458
275
57
-242
-546
-787
-1045
-1321
-1521
-1575
-1591
-1585
-1504
-1337
-1151
-967
-760
-533
-339
-229
-155
-72
-23
-37
-79
-147
-204
-287
-351
-407
-421
-438
-455
-436
-434
-431
-461
-421
-430
-464
-478
-491
-492
-492
-454
-408
-327
-190
-52
123
349
606
857
1151
1452
1739
1993
2245
2438
2545
2621
2458
2084
1638
1338
901
262
-467
-966
-1497
-1964
-2305
-2509
-2539
-2478
-2224
-2055
-1738
-1391
-960
-511
-114
147
305
534
748
837
836
896
896
881
834
824
862
915
988
965
948
909
844
779
653
460
164
-115
-372
-685
-1006
-1231
-1383
-1501
-1571
-1547
-1441
-1246
-1009
-865
-725
-543
-338
-224
-120
-45
-47
-72
-70
-149
-206
-207
-196
-214
-257
-258
-285
-227
-184
-193
-228
-214
-213
-236
-243
-256
-269
-223
-156
-123
-26
124
315
512
743
959
1203
1512
1830
2092
2348
2624
2788
2717
2441
2105
1855
1541
964
208
-464
-980
-1561
-2031
-2367
-2526
-2587
-2480
-2272
-2078
-1728
-1239
-726
-310
16
232
484
755
941
956
977
1027
995
912
872
913
950
1012
1041
1009
1007
1007
989
939
810
569
264
16
-277
-630
-928
-1154
-1375
-1555
-1653
-1685
-1639
-1498
-1323
-1208
-1046
-842
-621
-418
-234
-118
-47
52
99
77
64
112
76
16
-39
-96
-159
-169
-173
-214
-246
-243
-260
-291
-230
-212
-161
-78
2
65
182
368
532
694
874
1049
1256
1539
1795
2028
2239
2443
2633
2559
2241
1914
1741
1438
827
115
-455
-959
-1510
-1948
-2290
-2451
-2533
-2415
-2278
-2053
-1707
-1268
-767
-330
-43
162
464
770
918
924
980
1006
986
895
848
859
879
907
878
878
872
846
815
779
668
427
187
-15
-311
-641
-907
-1135
-1360
-1603
-1839
-1996
-1991
-1901
-1836
-1735
-1566
-1350
-1098
-799
-536
-318
-92
104
194
250
280
304
301
218
79
-65
-152
-220
-322
-376
-404
-437
-428
-385
-321
-232
-94
38
155
255
394
522
687
851
959
1036
1183
1325
1374
1462
1579
1702
1788
1857
1668
1323
1048
960
724
202
-339
-715
-1081
-1507
-1864
-2084
-2149
-2154
-2101
-2046
-1840
-1554
-1140
-713
-323
-89
126
441
728
852
922
992
1022
990
878
803
777
811
759
653
601
553
485
432
401
306
98
-76
-232
-463
-662
-804
-925
-1086
-1237
-1401
-1522
-1527
-1511
-1482
-1448
-1342
-1226
-1097
-863
-624
-482
-269
-81
31
99
192
237
218
208
118
-10
-98
-169
-266
-311
-326
-362
-398
-323
-199
-96
82
254
399
568
754
914
1061
1224
1347
1448
1650
1874
2032
2155
2321
2498
2387
2028
1713
1662
1404
794
99
-365
-854
-1422
-1889
-2147
-2305
-2435
-2403
-2308
-2075
-1762
-1291
-798
-335
-51
201
571
967
1148
1208
1285
1336
1319
1205
1141
1149
1162
1086
974
958
937
859
839
837
731
492
276
116
-118
-391
-624
-913
-1263
-1625
-1849
-1923
-1988
-2050
-2036
-1842
-1607
-1381
-1088
-661
-279
12
264
497
664
760
826
817
723
554
391
240
143
-18
-150
-205
-216
-288
-316
-234
-121
-40
10
111
200
308
420
531
629
760
876
1001
1185
1360
1546
1787
2082
2307
2498
2603
2528
2266
2038
1885
1477
798
135
-388
-971
-1560
-2061
-2369
-2551
-2605
-2598
-2478
-2168
-1776
-1300
-800
-342
-39
266
654
970
1091
1155
1205
1196
1149
1057
1002
993
1015
953
883
915
941
903
898
914
797
582
396
187
-103
-390
-667
-951
-1278
-1587
-1862
-1991
-1971
-2055
-2097
-1985
-1754
-1580
-1320
-988
-676
-407
-110
75
225
372
477
497
479
391
209
119
72
-49
-199
-240
-274
-338
-363
-311
-264
-170
-67
0
81
246
365
431
552
689
747
849
1037
1227
1424
1685
1944
2176
2443
2584
2464
2216
2074
1912
1521
847
199
-394
-963
-1598
-2117
-2457
-2664
-2783
-2808
-2646
-2378
-2019
-1512
-984
-547
-202
153
559
849
1032
1118
1175
1195
1138
1061
990
995
973
898
874
893
883
867
876
882
764
567
394
164
-90
-375
-649
-1020
-1426
-1786
-2045
-2227
-2403
-2514
-2500
-2358
-2192
-1963
-1637
-1196
-792
-441
-150
157
383
545
657
672
608
497
366
227
64
-88
-192
-275
-330
-407
-409
-308
-200
-109
-20
118
264
395
504
586
685
791
882
945
1040
1206
1390
1607
1860
2102
2187
2097
1930
1836
1829
1552
973
399
-32
-569
-1157
-1652
-1963
-2210
-2395
-2501
-2480
-2280
-1970
-1521
-1076
-661
-351
-34
407
783
955
1058
1154
1202
1137
1069
1018
994
972
877
791
751
759
743
738
794
700
502
353
220
38
-207
-421
-688
-1055
-1399
-1677
-1827
-1943
-2131
-2263
-2236
-2097
-1928
-1692
-1342
-991
-673
-379
-96
178
353
525
615
592
502
377
293
214
60
-67
-172
-239
-301
-327
-255
-157
-92
-37
43
186
292
414
556
732
886
1024
1214
1466
1741
1996
2234
2509
2646
2521
2242
2065
2036
1722
1019
330
-160
-708
-1351
-1880
-2175
-2445
-2612
-2712
-2610
-2368
-2049
-1591
-1124
-699
-426
-139
315
682
848
933
1030
1111
1069
1044
1043
1079
1106
997
966
1002
1019
977
955
996
864
598
397
215
-16
-320
-596
-913
-1325
-1674
-1996
-2141
-2239
-2346
-2424
-2343
-2148
-1951
-1675
-1244
-882
-578
-289
28
281
438
605
627
587
495
346
201
147
17
-148
-271
-322
-401
-440
-355
-266
-230
-190
-93
-4
116
276
381
534
743
911
1081
1335
1617
1853
2107
2344
2600
2601
2368
2041
1919
1773
1236
433
-159
-657
-1275
-1881
-2280
-2522
-2744
-2771
-2788
-2589
-2288
-1863
-1393
-910
-553
-310
8
468
708
781
852
946
957
901
912
907
975
986
915
925
981
978
928
939
927
677
414
220
-17
-316
-620
-912
-1262
-1572
-1847
-2102
-2160
-2175
-2205
-2214
-2075
-1880
-1713
-1367
-1029
-809
-577
-333
-154
8
166
255
234
244
144
12
7
-1
-136
-251
-290
-337
-403
-341
-282
-281
-183
-130
-65
34
179
269
427
675
861
1011
1301
1619
1887
2186
2472
2731
2894
2826
2490
2176
2098
1749
970
206
-323
-931
-1615
-2133
-2443
-2689
-2769
-2795
-2721
-2395
-2010
-1551
-1054
-567
-264
-8
417
788
903
971
1075
1129
1079
1074
1065
1100
1189
1138
1099
1181
1222
1176
1145
1190
1050
737
531
314
24
-322
-641
-1001
-1392
-1710
-2044
-2229
-2256
-2307
-2343
-2221
-1972
-1768
-1478
-1019
-649
-372
-79
168
389
533
622
625
610
531
341
207
150
52
-114
-213
-249
-331
-331
-253
-213
-132
-61
-6
60
195
298
376
546
744
861
1030
1296
1569
1835
2121
2362
2546
2839
2805
2530
2207
2123
1870
1202
425
-113
-692
-1311
-1891
-2273
-2516
-2646
-2693
-2674
-2343
-2032
-1629
-1101
-597
-272
-3
381
799
935
1035
1095
1166
1179
1117
1093
1077
1152
1097
1030
1113
1133
1101
1076
1104
1031
762
557
362
128
-171
-519
-854
-1178
-1427
-1715
-1960
-2017
-2079
-2102
-2012
-1854
-1694
-1504
-1104
-790
-577
-329
-63
154
307
399
409
432
444
291
152
123
29
-111
-195
-231
-330
-352
-298
-293
-273
-183
-111
-56
37
161
229
379
554
707
881
1178
1435
1713
2013
2308
2501
2797
2954
2754
2391
2155
2050
1531
765
10
-512
-1150
-1785
-2352
-2596
-2776
-2831
-2877
-2630
-2283
-1926
-1398
-859
-423
-138
182
637
934
1023
1100
1181
1236
1186
1137
1097
1148
1180
1115
1121
1164
1142
1106
1111
1121
909
622
414
205
-82
-443
-781
-1121
-1389
-1672
-1992
-2140
-2157
-2145
-2098
-1986
-1800
-1573
-1221
-821
-543
-309
-12
250
422
507
583
587
576
485
274
144
89
-23
-188
-308
-361
-425
-406
-344
-331
-301
-194
-96
-42
36
163
245
384
496
591
763
993
1246
1451
1747
2014
2271
2468
2793
2868
2647
2295
2079
1920
1412
572
-133
-606
-1249
-1940
-2430
-2627
-2815
-2827
-2863
-2597
-2273
-1846
-1298
-738
-313
-18
303
750
1052
1114
1155
1241
1267
1192
1128
1067
1119
1144
1038
1021
1051
1033
992
984
974
746
457
266
65
-235
-594
-907
-1214
-1453
-1734
-2031
-2113
-2053
-2041
-2020
-1894
-1678
-1474
-1159
-804
-608
-387
-141
39
162
281
311
315
335
215
19
-40
-76
-182
-338
-408
-461
-505
-448
-426
-433
-373
-280
-250
-194
-65
43
179
364
482
571
801
1083
1281
1530
1819
2067
2292
2507
2771
2808
2550
2155
1898
1744
1184
297
-374
-793
-1439
-2156
-2585
-2759
-2927
-2906
-2899
-2609
-2280
-1823
-1277
-771
-332
-66
253
722
973
1013
1061
1190
1219
1109
1081
1040
1113
1115
998
980
1003
992
912
906
869
592
299
118
-92
-421
-788
-1069
-1355
-1609
-1863
-2087
-2156
-2141
-2139
-2056
-1896
-1673
-1471
-1120
-768
-539
-312
-44
193
310
386
421
435
401
271
96
20
-49
-187
-350
-416
-477
-538
-531
-512
-472
-406
-341
-273
-182
-88
0
116
259
327
412
596
811
959
1156
1420
1681
1958
2166
2372
2570
2836
2760
2423
2045
1859
1591
959
154
-462
-982
-1611
-2169
-2520
-2671
-2786
-2784
-2722
-2342
-2013
-1553
-991
-463
-125
161
537
946
1149
1218
1260
1302
1280
1212
1184
1117
1153
1100
1010
1035
990
930
900
892
787
503
260
92
-128
-429
-747
-1048
-1315
-1509
-1729
-1896
-1881
-1846
-1807
-1725
-1564
-1381
-1152
-844
-614
-474
-304
-95
27
93
148
166
147
131
9
-107
-119
-152
-290
-399
-398
-443
-484
-454
-434
-450
-405
-333
-303
-254
-130
-58
48
186
245
366
627
838
978
1160
1452
1725
1975
2173
2396
2557
2802
2717
2389
1978
1796
1534
920
91
-563
-1060
-1668
-2197
-2587
-2733
-2863
-2822
-2788
-2427
-2107
-1639
-1101
-597
-275
26
390
811
1030
1089
1137
1172
1197
1152
1113
1048
1073
1006
915
913
879
811
770
762
647
361
114
-32
-235
-555
-887
-1179
-1422
-1594
-1821
-2067
-2115
-2089
-2053
-1967
-1853
-1651
-1417
-1092
-842
-653
-451
-161
25
125
170
213
218
184
54
-121
-183
-276
-417
-584
-661
-718
-772
-772
-781
-787
-731
-671
-643
-594
-535
-464
-414
-289
-209
-95
89
267
421
625
870
1091
1329
1582
1877
2050
2243
2384
2557
2509
2191
1778
1490
1268
697
-103
-749
-1163
-1742
-2253
-2634
-2764
-2852
-2775
-2712
-2428
-2063
-1617
-1119
-643
-284
12
339
732
969
998
1067
1132
1167
1087
1063
1012
1040
1051
957
926
928
909
873
852
761
523
298
156
-47
-326
-637
-893
-1150
-1349
-1522
-1687
-1749
-1745
-1731
-1638
-1476
-1306
-1122
-873
-633
-462
-292
-86
81
164
231
259
268
275
186
80
26
-38
-176
-288
-348
-398
-473
-499
-518
-532
-499
-472
-423
-365
-311
-258
-150
-33
71
210
401
602
764
988
1262
1499
1765
2044
2291
2486
2696
2831
2999
2868
2531
2061
1844
1570
875
11
-565
-1040
-1704
-2234
-2597
-2748
-2835
-2770
-2771
-2408
-2057
-1585
-1119
-615
-297
-5
364
778
975
1009
1117
1219
1238
1185
1162
1146
1239
1223
1131
1153
1189
1144
1114
1107
955
687
474
321
62
-279
-597
-892
-1145
-1318
-1549
-1711
-1733
-1753
-1771
-1644
-1448
-1277
-1085
-788
-565
-390
-162
59
225
337
410
408
439
468
339
259
229
121
-10
-81
-124
-171
-192
-215
-214
-179
-124
-97
-40
40
79
90
184
275
290
406
570
719
840
1044
1240
1494
1726
1965
2190
2492
2701
2846
3014
3136
3264
3014
2696
2270
2078
1676
1056
261
-198
-671
-1205
-1638
-1810
-1924
-1939
-1828
-1740
-1363
-1020
-540
-134
316
570
872
1211
1541
1644
1650
1694
1743
1682
1630
1587
1531
1568
1497
1402
1377
1343
1258
1210
1134
934
673
474
291
25
-317
-632
-882
-1134
-1290
-1494
-1631
-1612
-1607
-1597
-1447
-1238
-1051
-853
-628
-466
-298
-150
-4
83
102
128
92
65
43
-61
-134
-162
-259
-357
-407
-421
-450
-487
-519
-511
-493
-469
-434
-413
-358
-318
-312
-245
-168
-98
-2
142
283
438
621
843
1081
1325
1567
1801
2050
2259
2465
2589
2797
2742
2434
2021
1785
1554
999
269
-345
-754
-1326
-1798
-2149
-2270
-2355
-2286
-2308
-2011
-1659
-1275
-844
-387
-75
164
509
843
1069
1081
1142
1210
1254
1222
1201
1162
1211
1227
1127
1128
1163
1133
1114
1121
1012
813
648
514
339
57
-245
-513
-764
-939
-1138
-1323
-1345
-1329
-1363
-1293
-1139
-969
-780
-575
-399
-243
-87
63
187
236
240
224
183
158
69
-45
-116
-206
-359
-467
-492
-521
-541
-565
-568
-525
-452
-398
-325
-246
-176
-156
-116
-67
-21
4
76
143
212
313
457
623
805
1003
1219
1433
1661
1872
2068
2242
2391
2491
2573
2602
2321
1980
1624
1480
1021
465
-221
-582
-1030
-1455
-1807
-1989
-2070
-2056
-2017
-1928
-1574
-1304
-953
-625
-267
-112
197
449
709
789
819
908
978
981
966
940
962
1016
961
895
916
915
840
806
670
457
278
109
-79
-329
-607
-863
-1065
-1227
-1355
-1477
-1501
-1434
-1424
-1394
-1215
-1037
-893
-740
-582
-500
-346
-237
-173
-148
-127
-176
-214
-230
-318
-388
-445
-481
-586
-662
-682
-682
-708
-745
-788
-790
-756
-738
-752
-740
-696
-701
-690
-662
-634
-607
-546
-478
-421
-343
-199
-33
166
318
517
735
1009
1209
1467
1639
1900
2018
2179
2281
2188
1835
1482
1329
967
497
-245
-681
-1181
-1598
-2089
-2302
-2492
-2452
-2457
-2423
-2145
-1819
-1453
-1116
-710
-503
-173
98
385
498
565
597
680
674
637
613
579
630
602
546
545
572
509
496
444
315
191
48
-125
-326
-551
-789
-985
-1134
-1257
-1381
-1444
-1382
-1344
-1295
-1162
-974
-819
-637
-466
-338
-200
-109
-62
-61
-57
-135
-221
-315
-452
-599
-731
-804
-886
-973
-993
-998
-976
-934
-901
-843
-753
-678
-639
-602
-560
-518
-493
-470
-449
-440
-419
-378
-348
-303
-243
-162
-34
88
222
384
553
704
872
1042
1199
1348
1491
1593
1722
1808
1898
1884
1642
1308
1055
840
438
-90
-633
-1007
-1419
-1808
-2138
-2326
-2372
-2310
-2296
-2197
-1939
-1660
-1346
-1030
-747
-495
-196
43
252
361
428
491
507
442
338
221
185
156
66
-10
-2
-27
-48
-38
-119
-201
-259
-344
-441
-540
-649
-753
-817
-891
-946
-990
-916
-801
-730
-622
-427
-244
-90
82
197
331
447
507
503
509
484
429
305
169
13
-135
-255
-362
-499
-588
-609
-649
-654
-655
-636
-566
-485
-446
-406
-317
-247
-179
-156
-94
-33
23
60
103
120
164
217
255
342
403
481
573
663
736
873
992
1115
1242
1367
1498
1624
1667
1724
1812
1796
1598
1320
1089
901
570
82
-319
-643
-984
-1294
-1552
-1720
-1712
-1635
-1625
-1473
-1218
-1000
-705
-407
-201
-6
196
334
424
444
454
423
375
288
147
-1
-54
-123
-283
-360
-409
-490
-533
-573
-693
-800
-864
-1011
-1156
-1293
-1468
-1638
-1759
-1877
-2000
-2075
-2040
-1994
-1980
-1887
-1753
-1608
-1428
-1271
-1162
-1004
-868
-783
-746
-701
-718
-765
-831
-914
-1031
-1145
-1218
-1288
-1355
-1399
-1353
-1302
-1210
-1106
-976
-827
-643
-534
-418
-311
-229
-163
-101
-55
-42
-26
-12
14
49
146
282
459
642
813
888
914
870
795
762
800
944
1118
1347
1588
1823
2025
2185
2298
2303
2259
2145
2054
1938
1638
1319
942
619
251
-73
-355
-515
-561
-583
-557
-484
-287
-67
200
461
731
940
1181
1335
1444
1527
1585
1590
1577
1514
1396
1312
1255
1185
1085
991
937
873
831
781
695
613
539
434
301
183
60
-44
-140
-202
-277
-281
-247
-186
-104
-3
151
286
433
546
641
743
792
783
740
696
576
428
249
58
-165
-355
-549
-745
-898
-1052
-1115
-1174
-1198
-1186
-1141
-1071
-969
-879
-776
-661
-557
-445
-370
-304
-236
-173
-153
-132
-93
-74
-47
-8
17
45
122
185
257
338
385
460
549
657
789
971
1128
1355
1528
1712
1808
1751
1639
1520
1455
1211
939
522
230
-141
-493
-815
-1060
-1128
-1113
-1103
-1060
-814
-591
-322
-48
194
400
662
850
1027
1155
1272
1354
1416
1442
1397
1362
1326
1310
1220
1096
1053
973
902
854
758
685
628
535
425
350
246
151
87
30
-6
-36
28
109
161
259
415
556
684
813
878
976
1050
1063
1013
978
878
736
577
442
252
77
-88
-257
-415
-558
-649
-761
-779
-817
-825
-800
-717
-674
-606
-517
-421
-334
-244
-158
-88
15
81
167
213
257
267
265
229
173
125
86
29
-29
-49
-79
-57
-10
50
129
257
378
512
663
800
967
975
916
775
742
573
380
50
-206
-431
-719
-901
-1157
-1255
-1269
-1243
-1310
-1179
-1044
-871
-657
-444
-316
-107
83
195
319
396
445
467
489
444
352
317
330
276
189
165
165
134
159
150
98
117
113
60
49
4
-74
-106
-124
-168
-204
-193
-177
-160
-118
-51
62
162
279
371
489
642
750
811
877
909
892
886
837
730
622
521
399
271
144
27
-68
-156
-218
-291
-307
-283
-246
-227
-197
-154
-69
-33
23
86
133
181
213
255
269
301
319
343
353
370
376
401
401
407
427
463
479
504
527
579
629
685
750
816
888
1034
1173
1350
1480
1511
1488
1444
1458
1339
1213
936
813
560
317
59
-170
-282
-331
-435
-562
-486
-435
-314
-164
-50
27
207
311
444
553
634
672
717
720
658
619
607
580
480
377
367
297
261
241
153
87
73
0
-90
-123
-208
-295
-357
-440
-517
-576
-585
-601
-617
-598
-564
-504
-449
-374
-322
-208
-90
-27
31
96
131
150
169
145
108
58
6
-66
-133
-226
-294
-345
-413
-478
-523
-543
-549
-557
-579
-589
-583
-564
-548
-515
-493
-461
-423
-366
-345
-300
-259
-206
-175
-157
-114
-81
-31
-1
39
66
108
122
134
149
170
178
200
230
227
236
244
262
283
303
331
379
399
425
461
499
559
596
624
674
717
741
769
763
734
721
667
588
494
390
278
186
87
-23
-112
-195
-275
-348
-407
-451
-472
-463
-443
-410
-377
-319
-259
-239
-215
-202
-183
-169
-171
-172
-152
-137
-119
-75
-51
-11
31
72
120
152
181
214
242
274
303
302
326
347
338
339
326
301
251
195
155
94
50
-29
-87
-140
-195
-215
-232
-228
-191
-160
-138
-96
-50
-15
42
81
121
144
161
182
180
173
144
139
122
107
89
82
76
89
104
117
154
174
225
267
326
394
454
520
600
694
799
914
1042
1100
1090
1095
1051
1060
953
862
666
522
335
132
-56
-207
-293
-387
-474
-554
-569
-581
-522
-496
-450
-410
-345
-307
-229
-184
-142
-122
-76
-55
-54
-32
16
50
61
80
128
163
212
221
254
294
344
383
421
448
450
477
496
473
444
422
405
403
401
413
446
514
570
653
728
777
815
834
817
763
708
654
562
473
391
289
207
127
46
-60
-147
-228
-302
-397
-443
-498
-538
-550
-567
-551
-527
-481
-461
-419
-377
-310
-254
-193
-142
-109
-88
-79
-85
-109
-122
-139
-155
-175
-224
-270
-297
-336
-376
-417
-454
-503
-539
-559
-584
-601
-625
-641
-653
-670
-674
-674
-667
-649
-625
-605
-567
-524
-470
-423
-382
-332
-290
-249
-200
-167
-134
-126
-109
-105
-109
-109
-133
-138
-161
-163
-179
-216
-209
-226
-229
-231
-236
-225
-215
-194
-169
-152
-112
-70
-41
-11
3
11
22
43
40
39
14
40
17
32
2
-10
10
-3
14
10
51
72
102
90
109
122
127
143
149
118
127
108
82
84
74
53
58
55
28
29
16
10
3
-20
-48
-57
-56
-83
-86
-103
-116
-118
-129
-130
-141
-152
-154
-162
-157
-154
-151
-127
-107
-78
-87
-60
-54
-46
-12
-1
25
40
47
43
42
48
26
33
26
5
-4
-16
-41
-64
-73
-89
-108
-126
-137
-145
-149
-144
-149
-139
-155
-149
-151
-164
-149
-141
-144
-131
-138
-153
-135
-143
-142
-129
-137
-134
-132
-141
-133
-143
-137
-146
-136
-128
-143
-141
-146
-145
-139
-130
-127
-139
-144
-164
-165
-162
-155
-169
-178
-169
-164
-164
-167
-160
-152
-144
-156
-141
-129
-126
-125
-110
-105
-105
-105
-112
-105
-106
-105
-107
-102
-115
-106
-100
-97
-110
-117
-113
-126
-108
-105
-105
-93
-86
-96
-101
-99
-91
-83
-78
-63
-51
-41
-36
-27
-24
-15
-7
0
10
8
23
34
35
43
35
35
41
49
48
38
44
35
41
25
31
47
37
31
42
67
52
51
49
46
45
61
69
73
61
54
69
49
45
39
36
18
8
1
-1
-4
-15
-22
-39
-48
-61
-76
-81
-88
-102
-100
-96
-102
-82
-82
-92
-108
-111
-114
-123
-116
-110
-115
-129
-123
-117
-109
-107
-94
-87
-89
-77
-61
-63
-62
-42
-42
-22
-19
-5
-4
-6
10
4
6
4
13
7
2
-12
-20
-34
-39
-29
-29
-31
-32
-26
-29
-14
-17
-22
-1
-15
-2
-5
0
14
16
18
25
42
50
54
49
56
67
82
77
75
99
99
90
93
89
97
99
107
104
104
105
122
132
138
158
153
143
141
154
134
143
130
124
136
135
130
112
100
94
76
69
65
64
59
54
71
63
62
78
81
95
113
100
101
94
83
70
55
48
27
6
-19
-42
-59
-69
-85
-119
-126
-150
-175
-202
-210
-228
-240
-240
-250
-238
-252
-241
-234
-226
-244
-238
-235
-253
-242
-250
-240
-240
-241
-231
-230
-238
-228
-232
-225
-223
-206
-190
-182
-170
-172
-151
-141
-120
-100
-95
-88
-63
-46
-42
-37
-29
-28
-8
2
-11
1
-1
5
13
13
6
12
12
1
5
4
-6
-7
2
8
1
19
22
22
19
15
33
25
25
33
27
9
12
-2
-7
10
-4
-12
-33
-40
-48
-50
-52
-62
-62
-67
-65
-62
-47
-43
-35
-38
-42
-31
-7
9
27
42
47
56
68
81
83
75
66
69
63
64
59
52
71
85
79
81
99
98
103
111
104
105
114
132
147
161
149
151
156
185
198
180
180
169
178
169
181
200
189
200
197
207
221
217
211
204
216
206
206
223
230
243
249
265
272
271
279
271
274
276
271
280
288
292
296
289
280
276
287
278
272
284
284
294
297
305
305
304
311
300
281
273
266
269
254
236
225
213
204
180
166
133
131
113
108
103
88
78
76
81
66
49
54
49
38
29
25
29
15
11
11
22
14
4
11
18
8
10
17
5
8
0
-6
-15
-6
7
15
19
0
3
0
5
9
3
-4
3
-9
-18
1
-4
4
1
-7
4
13
1
15
29
25
4
23
20
26
56
54
65
48
34
36
37
40
45
34
39
35
39
56
50
47
47
49
52
48
58
62
62
70
59
54
45
53
52
45
50
38
41
38
33
32
38
33
42
49
55
60
44
45
39
31
14
17
15
16
4
3
-2
-11
-18
-27
-33
-49
-33
-30
-40
-43
-60
-52
-49
-43
-45
-67
-60
-64
-68
-79
-79
-70
-77
-84
-75
-79
-87
-84
-97
-103
-98
-93
-93
-82
-74
-77
-87
-86
-74
-77
-75
-79
-68
-50
-69
-66
-47
-38
-42
-35
-32
-40
-41
-30
-33
-37
-40
-27
-20
-20
-26
-36
-33
-20
-13
-10
-13
-13
-5
-12
1
4
5
8
8
10
16
25
22
26
37
26
18
16
18
11
21
18
9
27
15
4
-12
-8
-9
-6
7
17
28
29
29
30
45
58
43
43
34
26
26
19
16
15
15
-7
2
-8
-11
-20
-38
-44
-48
-30
-33
-44
-39
-55
-56
-42
-53
-48
-36
-31
-38
-41
-37
-42
-48
-49
-63
-63
-55
-66
-70
-52
-30
-33
-20
-16
-21
-19
-12
2
-1
7
13
32
22
32
53
38
44
56
56
55
46
39
39
43
33
30
18
13
22
16
8
7
-7
-7
-15
-8
-5
-29
-23
-38
-36
-42
-52
-58
-63
-65
-73
-70
-80
-83
-90
-93
-93
-102
-98
-103
-103
-96
-101
-108
-100
-95
-96
-97
-96
-91
-88
-80
-82
-85
-69
-83
-88
-79
-93
-87
-61
-52
-46
-27
-16
-10
0
5
9
20
23
30
50
62
61
61
51
44
46
36
25
17
8
7
-20
-26
-30
-55
-57
-85
-91
-99
-116
-121
-125
-127
-133
-131
-149
-163
-176
-168
-167
-167
-165
-169
-156
-160
-154
-151
-147
-147
-158
-162
-161
-145
-153
-160
-155
-148
-161
-154
-155
-166
-168
-191
-189
-187
-170
-170
-171
-165
-149
-127
-116
-119
-125
-106
-98
-81
