SAMPLES:	4701
BITSPERSAMPLE:	16
CHANNELS:	1
SAMPLERATE:	16000
NORMALIZED:	FALSE
-89
-83
-68
-76
-81
-72
-67
-69
-58
-61
-48
-36
-27
-35
-35
-34
-33
-68
-59
-66
-75
-61
-87
-63
-79
-60
-57
-46
-37
-51
-30
-17
-15
-13
-7
10
9
-5
-9
6
13
-5
-9
-17
-33
-33
-21
-18
-20
-27
-31
-30
-53
-53
-53
-70
-56
-71
-73
-75
-69
-58
-59
-53
-70
-80
-81
-74
-63
-64
-63
-62
-55
-60
-52
-64
-66
-54
-71
-47
-53
-47
-39
-47
-40
-35
-42
-39
-36
-50
-31
-35
-41
-43
-34
-30
-29
-21
-20
-30
-50
-45
-35
-30
-41
-33
-45
-45
-39
-49
-44
-53
-57
-59
-59
-55
-69
-79
-74
-67
-83
-83
-70
-85
-91
-82
-67
-51
-34
-25
-16
-11
-7
13
33
39
43
51
47
60
64
89
102
85
59
53
64
62
52
22
13
-11
-19
-8
-14
-26
-50
-60
-60
-52
-44
-46
-44
-42
-46
-57
-62
-54
-64
-49
-40
-62
-66
-65
-55
-44
-37
-45
-53
-43
-47
-56
-45
-40
-24
-31
-32
-24
-14
-10
-2
-9
-27
-8
1
6
1
-6
-11
-32
-35
-30
-46
-58
-69
-66
-81
-72
-79
-73
-99
-83
-60
-69
-40
-47
-21
-6
38
22
32
36
43
65
78
102
91
106
72
95
94
116
104
74
69
64
65
54
58
27
14
-5
-18
-20
-21
-34
-65
-73
-72
-60
-88
-99
-93
-122
-120
-111
-107
-107
-77
-71
-71
-75
-54
-31
-36
-21
-4
-6
0
12
9
19
31
24
23
22
31
33
29
37
42
29
21
23
23
28
42
45
28
30
31
4
-3
1
-4
-5
-12
-19
-15
-15
-10
-18
-33
-30
-118
-86
-80
-41
-100
-175
-185
-162
-112
-151
-134
-150
-129
-160
-123
-100
-63
-41
-51
-56
-2
93
100
48
54
101
191
219
175
100
113
215
224
179
129
130
92
104
111
121
78
55
38
-9
11
42
9
-53
-62
-52
-87
-129
-100
-75
-108
-106
-118
-142
-121
-72
-73
-116
-96
-72
-78
-75
-31
-15
-26
-22
-15
-31
-12
27
31
19
40
57
34
38
64
73
67
52
47
13
44
46
48
-28
-147
-115
-83
33
-24
-141
-240
-227
-86
-44
-67
-190
-238
-206
-110
-66
-90
-70
-81
-80
-68
56
85
94
128
139
93
53
108
222
301
328
175
29
146
295
330
219
165
124
94
121
164
115
114
100
-1
-76
-48
20
-16
-70
-64
-112
-181
-167
-98
-67
-97
-105
-196
-247
-166
-79
-105
-135
-117
-125
-159
-125
-43
-41
-33
-38
-71
-85
-9
45
67
15
68
-76
-159
-12
106
150
-107
-197
-158
-5
48
-53
-149
-140
-138
-137
-186
-200
-148
-154
-178
-191
-108
-32
-115
-96
2
82
72
67
145
235
375
347
235
76
376
573
594
398
147
267
422
559
389
265
240
238
168
196
245
180
149
70
2
-76
4
53
-78
-103
-87
-179
-333
-198
-57
-154
-267
-254
-279
-318
-174
-122
-233
-267
-140
-171
-268
-114
29
-26
-79
-31
1
-39
72
178
94
63
138
95
88
181
276
160
76
107
13
80
102
147
-26
-181
-180
-151
-147
-210
-314
-414
-437
-423
-381
-389
-356
-338
-371
-391
-387
-230
-86
-61
-91
-147
-66
104
262
373
419
473
404
323
287
587
916
881
508
151
405
742
863
623
453
356
330
345
352
349
340
281
38
-160
-113
54
59
-114
-186
-276
-424
-470
-295
-163
-281
-425
-557
-575
-463
-256
-268
-408
-431
-363
-405
-398
-162
-20
-80
-167
-161
-103
-9
164
221
136
67
102
101
157
283
358
181
-6
36
75
153
119
32
-96
-203
-208
-204
-224
-203
-239
-410
-485
-422
-333
-296
-339
-343
-387
-304
-268
-114
-14
36
122
131
359
415
584
-30
208
700
1167
855
-63
144
730
1182
769
419
386
547
538
492
456
369
472
394
27
-163
133
434
-42
-209
-73
-140
-546
-385
14
-220
-501
-504
-539
-650
-320
-146
-505
-715
-338
-284
-654
-450
-44
-148
-380
-317
-139
-217
-49
210
38
-132
24
178
63
184
425
305
-23
50
310
171
45
125
132
-26
-150
-199
-216
-128
-59
-304
-544
-494
-354
-371
-425
-427
-450
-441
-438
-398
-267
-52
-32
-185
46
251
394
375
605
427
19
664
1054
1214
502
273
614
1043
1095
775
515
612
744
595
493
495
550
554
317
28
-18
264
328
-95
-160
-124
-286
-536
-223
-112
-404
-594
-490
-576
-616
-370
-360
-666
-660
-362
-503
-689
-298
-91
-318
-498
-261
-185
-215
-9
198
-42
-13
85
104
162
269
549
27
-3
141
353
171
35
123
106
-108
-146
-123
-96
-126
-240
-442
-531
-450
-342
-436
-455
-475
-514
-427
-436
-156
-104
-103
-154
-76
208
324
381
498
651
791
443
204
806
1300
1417
695
192
575
1257
1230
770
554
743
713
455
457
542
624
485
198
-155
-137
213
276
-132
-274
-267
-464
-654
-369
-155
-431
-737
-751
-724
-646
-485
-428
-609
-683
-540
-629
-633
-290
-87
-275
-482
-377
-134
-60
-15
157
81
-12
23
-8
148
299
344
131
-100
-10
173
186
59
-2
-29
-176
-299
-198
-150
-228
-402
-510
-526
-423
-380
-284
-332
-305
-300
-256
-140
41
183
105
174
211
562
636
729
818
700
297
739
1275
1456
848
353
702
1296
1240
797
673
776
849
633
502
439
632
599
266
-132
-106
155
182
-163
-380
-342
-502
-651
-490
-366
-573
-812
-836
-734
-710
-704
-588
-651
-727
-653
-663
-686
-422
-229
-321
-496
-417
-111
-50
-123
29
106
38
-9
86
116
278
276
240
48
35
155
205
94
-22
-14
-136
-246
-255
-264
-371
-494
-472
-508
-518
-606
-522
-467
-457
-454
-521
-407
-295
-42
-61
-73
-41
219
418
466
528
702
900
914
1021
537
689
1284
1661
1337
513
474
1220
1626
1067
644
701
926
719
475
476
591
585
270
-90
-246
-61
209
-31
-432
-577
-523
-636
-670
-495
-530
-855
-1046
-928
-780
-763
-748
-700
-829
-868
-757
-696
-512
-318
-351
-476
-555
-305
-23
55
-13
9
-14
-53
151
281
335
210
175
73
64
109
232
184
-31
-203
-301
-296
-242
-232
-331
-566
-647
-601
-479
-499
-462
-415
-473
-506
-497
-182
-65
28
-133
14
171
461
547
589
673
815
1160
1136
1104
548
1107
1610
1813
1172
564
878
1583
1730
939
688
871
1145
703
407
478
698
568
47
-220
-166
42
113
-258
-587
-681
-584
-692
-690
-626
-734
-987
-1117
-957
-837
-819
-815
-806
-906
-891
-799
-650
-400
-358
-464
-524
-441
-149
82
22
30
-49
-8
167
272
368
238
163
102
223
176
140
152
65
-152
-267
-283
-230
-267
-391
-517
-600
-575
-543
-482
-570
-486
-552
-497
-561
-340
-217
-152
-212
-89
31
198
387
473
519
579
921
871
1100
1078
1392
1235
811
1161
1681
1997
1179
685
968
1805
1594
853
705
1039
1163
591
370
480
691
441
-95
-307
-239
12
-126
-527
-752
-697
-682
-878
-827
-721
-849
-1073
-1134
-985
-922
-903
-871
-843
-913
-836
-758
-561
-415
-525
-315
-564
-237
-168
-35
-25
45
3
-22
113
110
286
148
58
-48
67
10
15
5
-92
-261
-280
-261
-275
-291
-341
-452
-478
-512
-466
-408
-544
-411
-323
-299
-350
-402
-60
-27
130
29
59
351
502
799
620
858
841
1160
1228
1277
1456
1115
1093
1579
1755
1595
1029
1075
1400
1744
1087
785
949
1132
872
384
401
534
580
99
-246
-230
-130
-142
-439
-704
-732
-683
-768
-921
-867
-871
-951
-1121
-1075
-958
-935
-909
-861
-897
-910
-807
-621
-556
-600
-459
-480
-320
-284
-250
-183
-11
-25
-141
-74
-31
117
106
21
-118
-8
15
-55
-92
-85
-199
-206
-297
-298
-331
-293
-408
-399
-427
-465
-330
-330
-282
-358
-243
-190
-98
50
110
110
279
358
643
688
775
896
1006
1370
1344
1409
1391
1948
1206
1252
1699
2123
2106
1016
905
1188
2296
1584
811
686
844
1038
615
509
371
538
-11
-407
-336
-110
-29
-427
-812
-1020
-850
-791
-810
-839
-988
-1217
-1346
-1075
-867
-909
-998
-1020
-1082
-974
-808
-676
-535
-501
-656
-697
-376
-82
-97
-168
-192
-79
-9
3
147
112
215
66
-56
72
97
155
39
-55
-232
-194
-156
-180
-196
-365
-481
-450
-427
-427
-386
-411
-461
-449
-399
-367
-167
-73
-138
-157
38
208
451
427
519
614
885
896
1165
1101
1262
1408
1570
1449
742
1574
1709
2173
1189
794
925
1897
1683
789
618
944
1103
526
133
335
682
338
-412
-586
-282
-62
-327
-780
-953
-880
-836
-1045
-1059
-990
-1036
-1255
-1317
-1168
-1064
-1018
-946
-1123
-1165
-1072
-858
-671
-588
-770
-755
-580
-348
-285
-264
-274
-158
-146
-146
-85
55
125
9
-125
-130
19
41
-25
-153
-191
-270
-305
-214
-173
-428
-419
-431
-477
-399
-462
-401
-402
-342
-480
-351
-220
-85
-38
-83
-25
101
497
358
537
574
782
907
1087
989
1156
1299
1666
1062
837
1571
1758
2049
767
758
1295
2131
1336
419
793
1311
1130
235
149
754
841
92
-569
-292
129
-2
-606
-787
-746
-580
-830
-1025
-872
-828
-954
-1305
-1158
-927
-1001
-940
-1015
-1056
-1023
-961
-747
-648
-627
-780
-664
-469
-327
-299
-286
-198
-134
-166
-112
1
149
119
-47
-74
100
177
146
21
13
20
-35
-92
-68
-23
-135
-242
-242
-234
-202
-195
-227
-293
-288
-229
-178
-124
-44
-89
-104
122
191
293
302
426
583
701
771
962
944
1156
1052
1530
1060
739
1429
1557
1925
785
697
979
1933
1267
474
574
1018
943
268
-2
473
663
-29
-569
-526
-119
-60
-599
-883
-952
-746
-849
-1072
-999
-990
-1047
-1331
-1298
-1081
-1045
-1034
-1045
-1180
-1109
-1025
-823
-727
-763
-849
-808
-550
-421
-398
-359
-352
-233
-262
-230
-65
21
17
-133
-172
10
116
99
-12
-44
-22
-56
-58
8
8
-114
-227
-192
-179
-80
-141
-183
-287
-147
-188
-173
-35
-1
-5
-54
101
184
461
333
483
569
693
793
1022
1001
990
1146
1523
728
901
1380
1686
1617
613
669
1211
1909
931
420
703
1129
824
236
81
673
628
-88
-517
-317
106
-111
-602
-791
-773
-626
-802
-981
-882
-862
-999
-1268
-1162
-937
-978
-986
-1072
-1140
-1031
-945
-759
-706
-688
-796
-717
-476
-364
-348
-325
-315
-228
-232
-162
24
60
16
-104
-101
48
104
88
-47
-65
-37
-118
-113
-52
-76
-219
-312
-256
-283
-235
-196
-237
-356
-253
-234
-107
-126
-65
-48
35
88
113
374
418
450
633
541
1002
768
1061
954
1450
1167
530
1340
1398
1958
863
654
949
1806
1398
527
664
1147
1116
401
148
605
913
264
-375
-266
83
173
-399
-621
-545
-478
-571
-842
-761
-692
-784
-1058
-1091
-863
-783
-868
-896
-974
-957
-814
-748
-628
-650
-661
-653
-504
-349
-370
-304
-239
-211
-227
-201
-28
66
4
-42
-87
26
103
71
22
3
-18
-21
-63
-83
-53
-104
-259
-268
-208
-235
-195
-223
-327
-186
-216
-199
-106
-22
-66
-151
106
180
205
424
352
585
528
856
761
946
899
1133
1154
387
1288
1263
1758
751
615
937
1637
1378
463
667
1022
1070
427
138
545
882
215
-492
-266
92
84
-515
-740
-669
-621
-694
-985
-878
-810
-973
-1208
-1231
-988
-882
-1055
-1131
-1189
-1059
-954
-940
-883
-900
-812
-837
-724
-574
-562
-461
-449
-438
-399
-273
-168
-79
-165
-173
-125
-31
35
-42
-49
-38
-74
-57
-118
-64
-91
-181
-284
-247
-166
-236
-249
-284
-337
-271
-224
-246
-208
-261
-81
-118
-49
58
117
250
252
328
613
581
808
594
975
933
1310
903
472
1399
1395
1598
675
736
1101
1738
1139
469
841
1239
968
353
312
737
864
122
-336
-10
279
104
-482
-510
-414
-439
-616
-807
-683
-635
-796
-1024
-1018
-764
-731
-861
-949
-1000
-893
-673
-659
-681
-750
-680
-508
-455
-417
-453
-310
-230
-287
-223
-152
24
22
-144
-123
-62
78
57
-19
-52
-27
11
-55
-91
-14
-113
-191
-285
-223
-188
-233
-287
-323
-286
-251
-272
-278
-185
-153
-69
-172
-4
85
279
289
261
542
583
763
617
954
828
1245
755
517
1345
1398
1452
528
762
1078
1585
1038
429
804
1110
800
279
401
748
770
85
-289
23
316
160
-445
-498
-387
-428
-591
-737
-632
-661
-819
-1070
-1017
-802
-732
-940
-984
-1115
-1012
-688
-781
-721
-898
-774
-683
-518
-513
-539
-351
-389
-445
-345
-209
-74
-78
-267
-232
-92
23
-20
-89
-95
-158
-131
-102
-147
-109
-201
-263
-299
-278
-210
-289
-299
-384
-392
-303
-291
-246
-308
-247
-231
-90
-77
-42
120
177
280
291
398
593
539
770
770
896
656
480
1175
1193
1173
474
631
1033
1264
808
477
795
935
593
225
419
717
600
-47
-293
87
202
-43
-472
-473
-388
-532
-674
-729
-619
-704
-972
-1102
-995
-836
-840
-1008
-1056
-1057
-1020
-852
-774
-806
-843
-840
-702
-547
-490
-489
-416
-337
-372
-386
-167
-44
-69
-193
-217
-79
57
24
-88
-78
-51
-90
-147
-116
-88
-116
-270
-314
-267
-198
-240
-322
-331
-345
-274
-257
-217
-170
-156
-161
-89
-55
125
194
257
245
497
480
566
698
831
892
860
568
655
1270
1268
1027
523
724
1044
1203
782
534
830
852
510
276
438
710
480
-76
-273
72
167
-79
-449
-476
-441
-538
-626
-691
-603
-713
-929
-1066
-949
-781
-816
-925
-1009
-1009
-941
-742
-711
-710
-797
-813
-594
-512
-406
-447
-369
-345
-308
-288
-142
-80
-44
-151
-177
-41
8
62
-17
-45
-140
-62
-61
-65
-96
-169
-242
-249
-174
-219
-193
-254
-285
-279
-262
-193
-152
-137
-138
-130
-4
86
155
303
316
390
497
559
637
859
960
861
499
726
1234
1247
1035
496
781
1124
1210
736
629
906
893
535
290
547
758
521
-73
-115
212
249
-32
-321
-283
-264
-354
-544
-538
-422
-495
-750
-866
-738
-592
-607
-769
-818
-798
-711
-628
-617
-577
-528
-552
-432
-455
-323
-172
-182
-161
-243
-91
70
207
119
-6
78
208
206
211
158
146
163
75
87
83
146
55
-74
-98
-81
-22
-102
-140
-160
-247
-98
-155
-98
-123
-93
-124
49
149
114
248
278
372
486
529
564
746
821
777
757
654
921
1184
1072
764
665
975
1035
999
701
727
882
729
541
535
646
602
356
81
141
262
180
-48
-207
-197
-272
-351
-381
-360
-411
-566
-664
-661
-580
-553
-660
-732
-738
-724
-640
-589
-558
-568
-625
-595
-406
-336
-341
-361
-305
-141
-137
-78
-102
80
97
-7
-7
48
174
170
42
-15
-11
45
32
-40
-59
-189
-194
-245
-207
-220
-277
-318
-333
-325
-320
-265
-227
-215
-203
-193
-22
73
184
167
125
340
452
585
574
585
685
612
557
857
930
956
599
597
799
964
892
617
619
728
609
516
525
577
540
207
64
154
229
144
-135
-255
-272
-370
-385
-446
-459
-550
-702
-764
-715
-634
-660
-788
-810
-805
-778
-696
-633
-598
-646
-675
-565
-423
-362
-338
-392
-324
-281
-141
-40
-18
-7
-106
12
51
135
134
55
81
-32
-23
113
41
41
-159
-170
-173
-138
-141
-309
-235
-289
-341
-278
-288
-256
-249
-263
-299
-201
-33
-23
80
91
186
213
393
473
554
657
626
589
429
870
941
960
593
526
789
968
899
559
641
750
593
435
479
565
532
231
-24
129
266
189
-83
-190
-180
-276
-300
-345
-343
-431
-590
-680
-591
-506
-534
-652
-703
-710
-711
-637
-550
-542
-613
-673
-549
-409
-319
-321
-321
-238
-209
-131
-44
7
106
59
-9
80
166
196
208
163
85
79
123
98
106
52
-86
-139
-96
-147
-127
-184
-278
-236
-288
-236
-237
-177
-237
-185
-183
-160
-10
49
176
157
295
218
445
575
691
655
560
342
803
1005
944
607
487
825
913
907
601
649
809
610
410
477
609
620
313
68
158
258
250
49
-119
-100
-240
-250
-234
-238
-337
-520
-624
-556
-518
-507
-588
-652
-656
-729
-628
-508
-511
-571
-667
-576
-421
-310
-308
-333
-295
-187
-201
-96
-10
59
21
-46
27
158
218
152
115
11
166
94
167
42
45
-16
-164
-69
-152
-119
-236
-335
-324
-296
-238
-274
-330
-333
-306
-253
-139
-198
-80
-88
50
129
197
209
295
453
530
491
478
394
678
920
768
609
483
791
875
889
655
571
720
690
561
548
599
563
390
188
237
324
281
155
-40
-58
-97
-96
-69
-184
-295
-378
-436
-346
-370
-412
-499
-547
-516
-566
-509
-411
-439
-496
-552
-462
-308
-257
-277
-307
-259
-149
-36
-32
87
53
63
-11
191
200
285
201
143
170
206
338
156
257
87
60
54
75
23
-11
-151
-163
-206
-178
-166
-217
-140
-353
-266
-210
-169
-89
-187
-149
-80
116
151
167
205
334
347
503
485
527
492
564
818
710
723
499
701
811
821
673
551
658
700
581
512
568
548
479
302
266
344
261
206
23
27
-26
-96
-104
-169
-228
-330
-404
-389
-318
-387
-460
-527
-474
-458
-498
-424
-441
-423
-451
-421
-352
-276
-271
-287
-241
-160
-98
-60
-4
41
67
118
124
133
352
182
326
129
203
321
251
318
92
151
123
96
91
56
-57
-20
-210
-194
-114
-228
-131
-370
-262
-288
-291
-157
-272
-128
-229
-99
-58
107
122
131
158
228
386
375
479
381
409
627
608
708
527
594
663
702
702
604
585
644
584
519
528
454
482
355
282
281
233
239
120
51
4
-55
-86
-102
-174
-234
-304
-364
-324
-362
-373
-442
-456
-445
-463
-444
-437
-418
-420
-420
-402
-329
-292
-278
-280
-211
-137
-98
-48
31
54
91
92
180
220
163
325
222
301
237
165
252
263
249
125
45
110
90
40
-26
-123
-127
-191
-265
-239
-279
-306
-366
-424
-355
-350
-366
-292
-342
-261
-219
-200
-44
-26
28
81
120
265
286
335
417
325
541
571
563
597
503
610
629
650
641
570
560
595
507
522
468
403
404
288
291
257
207
157
38
17
-26
-88
-116
-148
-230
-290
-339
-338
-320
-378
-424
-460
-423
-405
-407
-399
-398
-381
-371
-336
-288
-260
-236
-212
-186
-118
-84
-33
10
33
72
94
141
177
225
203
181
278
219
329
192
196
218
114
210
94
101
51
-92
-72
-95
-140
-203
-321
-351
-321
-383
-361
-454
-390
-427
-428
-368
-361
-277
-325
-222
-214
-45
-41
14
63
75
133
230
301
382
443
480
540
554
588
670
731
722
751
643
607
619
587
529
483
382
292
264
183
164
135
-5
-55
-91
-157
-112
-171
-237
-254
-303
-341
-306
-330
-397
-438
-498
-513
-490
-449
-458
-456
-419
-390
-336
-280
-214
-143
-105
-50
8
64
109
142
179
211
192
256
252
272
260
278
265
327
323
242
346
241
318
256
176
133
99
81
49
-41
-182
-249
-237
-239
-331
-404
-544
-516
-450
-502
-489
-520
-519
-437
-351
-313
-238
-214
-145
-102
30
80
146
202
246
316
393
434
519
517
493
679
670
744
684
664
752
801
763
680
639
654
593
547
485
355
298
195
131
124
-2
-62
-146
-199
-203
-246
-289
-291
-307
-356
-381
-400
-378
-381
-413
-427
-413
-373
-344
-318
-304
-265
-272
-214
-134
-80
-38
-24
20
70
130
167
188
208
210
224
257
291
309
283
257
292
295
292
276
222
269
159
151
147
93
72
-43
-88
-72
-67
-174
-241
-308
-348
-418
-399
-438
-434
-449
-519
-475
-466
-488
-475
-458
-441
-397
-371
-323
-260
-204
-178
-136
-66
-6
73
127
210
305
369
396
460
492
567
713
652
653
561
614
729
766
689
514
458
484
499
496
370
207
133
102
132
131
0
-101
-201
-206
-154
-186
-232
-296
-361
-392
-373
-335
-302
-335
-398
-416
-379
-304
-263
-237
-261
-250
-213
-148
-58
1
-28
-62
-39
37
108
93
80
75
96
133
163
198
186
148
130
157
192
202
164
109
86
86
92
85
89
38
11
-28
17
7
-21
-50
-90
-102
-114
-163
-149
-161
-224
-273
-321
-296
-294
-311
-382
-417
-384
-382
-371
-357
-388
-399
-371
-380
-291
-282
-277
-265
-202
-146
-92
-50
-21
65
192
265
412
384
379
469
580
750
628
541
431
575
728
668
538
393
324
397
484
442
338
127
47
125
201
208
19
-129
-181
-128
-89
-127
-227
-314
-411
-389
-293
-307
-314
-397
-412
-364
-319
-288
-267
-250
-260
-285
-243
-149
-112
-94
-151
-165
-128
-87
-24
-27
-31
-38
-31
44
136
159
129
77
86
140
185
188
117
86
84
79
109
106
70
24
-8
30
24
12
-9
-37
-36
-46
-57
-32
-54
-68
-99
-140
-115
-93
-123
-159
-221
-219
-219
-196
-234
-299
-313
-331
-318
-296
-310
-324
-347
-343
-304
-291
-303
-320
-310
-276
-260
-226
-207
-193
-167
-155
-112
-55
-20
6
52
80
130
148
198
274
308
365
393
481
433
406
453
510
572
451
328
310
388
441
374
265
162
110
146
224
165
65
-146
-188
-86
-35
-32
-168
-316
-320
-235
-192
-157
-236
-331
-377
-303
-193
-163
-194
-295
-311
-221
-153
-144
-165
-167
-170
-160
-106
-67
-84
-78
-113
-85
-21
-30
-18
-23
-7
4
-6
14
33
42
28
24
12
28
31
26
21
22
15
-3
20
39
33
8
-22
-21
31
42
30
13
4
-1
1
18
27
10
-20
-32
0
9
-15
-41
-78
-49
-53
-38
-48
-79
-86
-119
-106
-118
-128
-164
-168
-153
-163
-182
-208
-196
-199
-172
-198
-195
-196
-187
-173
-162
-145
-179
-191
-170
-135
-121
-115
-119
-107
-98
-84
-68
-42
-22
-10
-17
4
42
82
95
90
91
85
105
142
163
155
104
96
105
149
171
173
153
131
147
184
207
212
169
126
119
128
155
136
108
61
29
21
36
33
-5
-35
-60
-54
-45
-20
-58
-88
-98
-121
-98
-102
-97
-97
-121
-112
-101
-96
-85
-93
-83
-84
-62
-46
-55
-52
-55
-52
-49
-51
-47
-32
-43
-46
-42
-26
3
20
37
43
48
60
66
79
87
78
69
57
59
79
79
92
86
75
78
82
78
77
62
47
35
35
31
31
18
-1
6
0
-8
-20
-43
-60
-82
-83
-82
-92
-77
-83
-79
-91
-82
-81
-77
-85
-67
-67
-50
-50
-65
-56
-36
-31
-19
-29
-41
-14
-43
-12
-11
-17
-5
-37
-37
-29
-37
-31
-56
-52
-46
-56
-46
-50
-65
-73
-82
-84
-82
-86
-93
-117
-108
-103
-96
-82
-104
-84
-85
-75
-54
-56
-42
-18
-7
18
26
53
66
64
87
84
86
79
82
91
89
83
72
59
58
50
29
33
11
-1
-27
-35
-32
-53
-56
-62
-57
-61
-66
-79
-85
-99
-115
-127
-120
-134
-133
-128
-132
-122
-112
-106
-109
-99
-92
-78
-78
-52
-43
-24
-20
-20
16
24
29
42
43
35
41
45
54
68
79
85
85
103
97
101
102
111
117
94
103
101
90
81
65
44
49
40
26
18
16
32
16
-1
-11
-24
-24
-45
-69
-66
-69
-81
-94
-84
-98
-111
-106
-114
-107
-100
-107
-109
-100
-101
-95
-84
-78
-64
-68
-55
-45
-31
-33
-34
-29
-22
-11
-2
1
5
13
19
19
17
27
17
27
17
21
9
4
8
-5
-3
-10
-5
-5
-1
-17
-20
-3
-7
-9
-14
-26
-23
-32
-39
-34
-53
-45
-52
-58
-64
-61
-77
-80
-98
-93
-81
-117
-111
-109
-111
-97
-103
-98
-83
-79
-65
-57
-31
-20
-25
-14
-5
25
37
43
64
65
91
114
112
128
132
134
143
147
143
133
145
130
124
131
132
141
132
108
80
81
69
69
67
53
45
24
26
15
22
16
11
-2
12
14
13
7
4
1
-7
7
6
17
6
-4
5
8
21
31
33
30
19
33
32
26
23
19
24
19
15
11
30
26
25
27
26
19
8
9
9
4
2
6
6
13
17
18
30
25
23
25
4
25
17
22
21
17
33
25
26
40
30
23
30
34
25
24
25
10
8
21
29
31
43
48
52
50
45
54
44
40
48
34
38
36
35
39
49
40
37
48
34
35
37
47
40
41
43
43
49
32
34
40
38
35
33
27
19
26
34
27
32
32
23
21
12
8
16
13
9
10
3
-2
13
13
19
25
30
37
28
32
32
33
39
39
21
15
17
24
19
22
19
12
9
11
19
32
41
34
47
52
52
56
60
44
46
61
51
48
50
50
43
41
44
37
36
35
34
12
2
13
10
6
24
13
11
28
33
47
30
27
23
40
36
43
43
40
48
46
55
39
38
39
40
37
30
39
36
34
36
33
23
26
27
27
31
27
19
16
11
12
22
12
13
6
5
0
2
7
-2
-4
3
13
10
16
20
18
11
7
21
18
23
18
20
30
24
31
24
22
19
20
21
20
13
14
19
16
20
35
40
24
26
36
27
27
35
25
28
33
33
37
30
25
23
29
31
25
20
11
10
19
27
20
16
19
20
22
13
11
12
32
29
31
34
36
44
25
28
23
24
15
17
23
21
28
21
16
20
10
25
28
16
22
13
18
21
20
28
27
29
31
30
35
44
49
43
40
21
19
14
10
10
16
22
23
28
18
23
15
18
6
17
12
-2
3
-7
-13
-2
