SAMPLES:	5161
BITSPERSAMPLE:	16
CHANNELS:	1
SAMPLERATE:	16000
NORMALIZED:	FALSE
5
-7
-17
-22
-16
-16
-36
-49
-65
-67
-67
-64
-40
-25
-33
-40
-39
-33
-25
-11
17
11
17
5
-15
-3
-5
-15
-23
-22
-45
-52
-64
-58
-65
-64
-67
-51
-39
-49
-45
-52
-51
-48
-57
-61
-66
-115
-90
-61
-31
5
-41
-24
-84
-92
7
73
131
171
187
194
184
262
347
40
-51
-8
47
125
-63
-76
-181
-340
-179
-121
-68
-148
-170
-9
-44
15
50
25
100
118
218
234
145
122
72
99
95
42
24
-50
-105
-130
-148
-116
-143
-137
-72
-83
-83
-78
-52
-11
16
78
134
150
139
108
115
112
97
102
70
34
-17
-56
-65
-88
-101
-91
-85
-78
-79
-80
-74
-63
-39
5
43
59
57
69
81
100
104
104
99
68
51
7
-22
-31
-62
-80
-90
-100
-125
-133
-111
-102
-101
-83
-51
-28
-8
-3
11
25
42
39
-11
-35
-83
-80
-67
-91
-97
-118
-139
-142
-159
-166
-193
-203
-143
-91
-35
-16
-42
-22
6
60
127
130
165
170
209
261
283
290
265
252
342
187
-45
-122
-197
-85
-78
-127
-171
-344
-324
-259
-176
-103
-116
-7
31
81
137
116
137
157
235
313
258
198
94
33
8
-12
-14
-56
-130
-190
-216
-216
-220
-214
-144
-98
-35
-21
-10
17
41
78
139
183
189
165
130
123
96
84
55
23
-17
-71
-112
-152
-181
-155
-139
-101
-84
-76
-51
-38
-10
26
72
106
127
116
69
6
-33
-72
-79
-72
-108
-114
-165
-199
-186
-207
-189
-153
-124
-85
-51
-8
-8
42
94
146
221
253
276
260
261
259
276
277
239
221
188
167
187
118
-216
-351
-295
-166
-46
-163
-167
-245
-316
-149
-13
71
34
91
217
190
216
191
145
175
209
177
168
55
-94
-174
-285
-297
-302
-290
-271
-374
-415
-417
-344
-255
-147
2
60
112
206
291
346
428
507
544
562
488
428
362
262
224
224
211
221
-123
-478
-522
-499
-281
-285
-292
-243
-418
-302
-142
-12
90
126
368
425
412
421
329
314
315
390
380
212
54
-124
-225
-248
-289
-268
-279
-375
-424
-437
-428
-433
-365
-222
-117
-73
-75
-142
-175
-61
115
339
452
421
382
312
301
393
399
422
369
301
285
173
166
122
254
111
-317
-318
-355
-175
-152
-296
-168
-320
-251
-57
2
83
-12
167
319
287
328
218
144
100
109
177
37
-109
-188
-210
-218
-324
-391
-425
-455
-417
-317
-253
-255
-239
-87
66
161
215
276
355
403
476
463
167
-7
183
473
544
284
150
123
170
354
482
490
-89
-523
-269
-79
116
-42
-238
-234
-375
-183
5
-15
-82
-76
258
334
251
216
96
115
222
380
414
184
-12
-80
-95
-135
-242
-270
-360
-470
-563
-667
-728
-785
-682
-413
-282
-242
-166
-280
-243
-41
259
619
715
736
749
640
623
627
688
676
655
557
592
509
673
4
-1084
-864
-703
-5
-71
-608
-486
-1102
-852
-241
27
179
-86
363
442
298
451
246
273
280
387
482
115
-188
-493
-510
-470
-565
-507
-569
-749
-832
-735
-510
-440
-268
-53
10
104
81
285
420
461
659
659
650
577
421
501
475
421
384
403
415
433
486
359
225
104
155
125
-232
-288
-285
-177
-36
-199
-178
-237
-267
-65
96
220
137
183
332
325
356
326
302
289
297
316
195
26
-87
-160
-166
-156
-196
-222
-287
-324
-272
-218
-150
-108
-46
74
101
146
188
194
247
270
322
322
246
189
111
87
43
0
-130
-324
-378
-502
-514
-564
-695
-632
-670
-551
-436
-412
-313
-291
-145
-89
-8
104
101
168
82
116
146
136
176
90
126
103
132
223
245
369
552
817
1179
1378
1262
999
755
947
355
-191
-29
-27
127
-486
-827
-825
-1347
-1057
-625
-380
-374
-502
-78
-7
42
388
544
745
827
951
984
675
469
433
429
382
150
-21
-245
-623
-712
-692
-644
-655
-667
-470
-466
-463
-311
-146
107
247
439
621
594
568
534
597
619
514
494
385
180
-38
-208
-274
-412
-458
-417
-548
-755
-862
-757
-637
-520
-515
-511
-415
-435
-262
-123
-249
-279
-240
-180
-40
-106
-203
-260
-310
-190
-85
-75
-140
-161
-44
162
295
419
515
695
943
1192
1495
1708
1872
1520
1118
882
832
804
185
-299
-543
-778
-823
-1050
-1160
-1334
-1415
-1038
-696
-457
-391
-266
96
402
751
1006
1041
1044
1085
1127
1068
841
611
381
158
-39
-304
-544
-828
-1028
-1025
-1007
-1006
-997
-913
-717
-543
-308
-9
198
413
548
734
852
827
877
829
768
640
450
321
70
-147
-324
-481
-564
-709
-753
-774
-814
-750
-664
-672
-593
-507
-307
-119
-199
-405
-520
-468
-313
-140
-198
-349
-511
-631
-511
-455
-475
-515
-518
-428
-432
-345
-318
-244
-32
231
455
524
591
635
950
1243
1482
1789
1978
2062
1898
1497
869
557
464
469
311
-215
-920
-1474
-1625
-1524
-1266
-1160
-1145
-936
-767
-468
-176
66
410
784
1194
1382
1362
1242
1051
1000
995
898
691
306
-104
-472
-739
-937
-1085
-1146
-1152
-1151
-1110
-1047
-889
-670
-370
30
303
519
671
770
867
943
1037
1046
948
797
559
335
98
-164
-339
-524
-724
-952
-1251
-1426
-1373
-1478
-1523
-1526
-1467
-1075
-894
-667
-510
-495
-217
17
238
295
277
258
172
206
66
-22
-182
-348
-291
-288
-262
-236
-223
-79
97
345
455
659
867
1073
1550
1878
2124
2041
1337
497
467
686
897
778
42
-407
-897
-1389
-1156
-1165
-1255
-1116
-780
-478
-660
-679
-429
-120
408
872
1146
1062
740
828
944
876
900
769
515
150
-165
-336
-634
-840
-889
-846
-828
-1021
-1025
-969
-870
-541
-190
97
190
246
422
573
700
794
880
880
715
583
399
218
-151
-555
-767
-1073
-1317
-1488
-1761
-1802
-1823
-1710
-1413
-1295
-1121
-889
-625
-388
-108
161
263
381
408
373
370
255
172
106
-9
-124
-188
-315
-382
-371
-320
-152
-62
158
241
645
826
624
906
1383
1923
2478
2265
2102
2206
1501
1532
1157
493
362
-445
-551
-873
-1497
-1433
-1886
-1689
-1519
-1478
-918
-937
-600
-149
123
649
785
1083
1344
1303
1493
1384
1288
1132
760
613
232
-152
-388
-751
-914
-1136
-1326
-1273
-1369
-1276
-1078
-934
-626
-404
-82
233
384
669
833
984
1109
1033
986
861
418
117
-211
-530
-769
-1401
-1676
-1852
-2056
-1864
-1983
-1923
-1749
-1601
-1137
-855
-588
-358
-122
189
342
497
483
410
457
414
385
226
-12
-122
-244
-263
-199
-432
-596
-613
-459
-56
210
333
588
780
1164
1602
1918
2753
3250
3659
3695
2694
2011
546
-94
523
459
319
-942
-2228
-2517
-3016
-2568
-2086
-1798
-1324
-1183
-692
-450
-371
245
820
1575
2127
2078
1985
1612
1423
1500
1348
1219
739
163
-354
-996
-1225
-1437
-1617
-1612
-1696
-1574
-1580
-1483
-1113
-778
-240
194
585
863
907
1107
1208
1360
1377
1045
788
361
-180
-623
-1069
-1310
-1578
-1782
-1971
-2176
-2223
-2213
-1874
-1441
-1192
-906
-614
-324
-28
140
248
406
529
599
618
414
214
30
-74
-69
-139
-237
-388
-484
-460
-443
-371
-195
-111
70
302
609
991
1239
1503
1591
1710
1863
2016
2295
2381
2369
2189
2028
1974
1135
61
-754
-1047
-672
-842
-1203
-1639
-2357
-2307
-1820
-1244
-801
-692
-306
82
400
816
975
1149
1372
1619
1860
1600
1199
840
512
382
162
-36
-422
-994
-1299
-1489
-1463
-1420
-1366
-1108
-1035
-846
-588
-320
55
279
620
933
1048
1161
1092
1083
903
598
332
-504
-896
-1365
-1567
-1455
-2068
-2222
-2377
-2376
-1828
-1608
-1284
-1089
-876
-515
-189
130
168
214
327
385
411
289
45
-130
-173
-150
-192
-347
-403
-493
-520
-359
-236
35
90
268
488
601
1057
1381
1714
1985
2033
2070
2330
2581
3264
3416
3089
2836
604
-847
-1107
-595
543
-774
-1767
-2384
-3513
-2668
-2108
-1414
-1056
-1203
-110
153
265
595
542
1364
1960
2353
2464
1647
1198
944
860
1004
456
74
-520
-1293
-1328
-1660
-1697
-1701
-1850
-1338
-1371
-1157
-849
-764
-125
191
697
1130
1079
1254
1096
1033
841
425
306
-262
-622
-1068
-1465
-1663
-2170
-2192
-2230
-2172
-1860
-1807
-1577
-1421
-1149
-714
-389
-63
3
122
285
316
429
388
321
209
106
89
-83
-153
-267
-364
-251
-228
-192
-165
-171
33
167
483
729
907
1014
1464
1757
1819
2054
2024
2316
2444
2425
2525
2044
1891
1547
415
-309
-1148
-903
-588
-1229
-1408
-2005
-2373
-1912
-1574
-815
-601
-493
69
288
785
1021
1027
1394
1532
1754
1737
1311
999
582
468
355
-110
-316
-835
-1187
-1250
-1465
-1373
-1478
-1323
-965
-888
-532
-402
-146
230
503
885
1106
1078
1002
505
112
-56
-294
-329
-802
-1286
-1595
-1948
-1954
-1876
-1907
-1881
-1671
-1441
-1191
-925
-818
-626
-343
-61
163
166
115
40
80
202
179
120
-17
-116
-155
-157
-206
-186
-174
-28
24
62
292
364
420
684
963
1209
1614
1685
1892
2083
1917
2334
2681
2683
2599
2119
1604
198
-679
-592
-471
-405
-1254
-1733
-2042
-2621
-2015
-1572
-1171
-815
-535
127
232
420
790
934
1469
1737
1852
1701
1215
1006
813
650
489
9
-287
-746
-1196
-1289
-1447
-1444
-1458
-1311
-1063
-1067
-780
-520
-235
240
465
832
909
691
800
614
442
35
-342
-486
-862
-1049
-1322
-1639
-1901
-2090
-1908
-1711
-1556
-1426
-1322
-1130
-916
-638
-394
-198
-82
20
149
124
123
187
201
238
152
102
12
-74
-37
-79
-27
-53
-88
163
294
320
526
448
862
1172
1552
1927
1998
1972
1845
2163
2563
2731
2667
2046
1675
612
-312
-508
-766
-622
-1100
-1568
-1710
-2323
-2163
-1830
-1430
-774
-508
26
228
318
614
805
1290
1676
1736
1747
1374
1044
779
505
441
148
-178
-498
-1033
-1272
-1446
-1597
-1421
-1389
-1160
-941
-871
-540
-345
-13
364
607
981
883
861
772
389
116
-308
-437
-676
-949
-1249
-1726
-1920
-2135
-1998
-1721
-1686
-1439
-1387
-1237
-897
-695
-369
-169
-45
138
185
228
152
129
171
190
218
195
-5
-91
-123
-75
58
46
177
207
295
441
492
706
1012
1277
1765
1974
2046
2198
2357
2813
3248
3086
3351
1950
-343
-1014
-803
599
273
-1282
-1735
-2983
-2829
-1877
-1568
-1025
-1450
-691
189
228
695
360
684
1564
2050
2574
1960
1324
1067
817
1067
817
418
-66
-833
-922
-1197
-1459
-1513
-1659
-1268
-1118
-1026
-767
-826
-409
47
502
1016
1042
1143
1106
892
901
634
396
32
-566
-782
-1207
-1497
-1794
-2119
-2095
-2110
-1842
-1640
-1564
-1332
-1177
-858
-483
-167
66
146
218
245
285
330
338
321
195
91
-28
-75
-147
-192
-97
-140
-79
25
117
260
363
529
870
1290
1652
1795
1970
2147
2625
3103
3598
3755
3811
2665
-12
-1096
-802
398
682
-897
-1754
-3050
-3690
-2509
-1956
-1449
-1522
-1043
-44
16
299
306
510
1594
2252
2816
2508
1644
1305
1057
1180
1081
649
245
-688
-1035
-1234
-1768
-1848
-1962
-1632
-1317
-1333
-1104
-1149
-791
-193
354
1031
1145
1269
1352
1305
1389
1149
1011
709
224
-160
-775
-1245
-1665
-2039
-2104
-2212
-2189
-2182
-2198
-2040
-1763
-1309
-800
-442
-204
-36
84
224
409
541
578
531
338
162
-37
-191
-303
-353
-340
-469
-500
-514
-569
-363
-200
2
269
443
889
1201
1494
1819
2363
2964
3451
3646
3955
4496
3792
1693
-626
-1024
174
732
111
-1390
-3164
-4164
-3804
-2450
-1897
-1960
-1676
-1000
-226
116
244
468
1050
2172
3005
3076
2473
1651
1315
1374
1446
1242
589
-322
-1031
-1434
-1750
-2094
-2291
-2218
-1998
-1729
-1544
-1446
-1237
-826
-89
708
1179
1434
1433
1438
1476
1419
1426
1190
905
481
-253
-876
-1506
-1951
-2101
-2267
-2289
-2410
-2561
-2437
-2238
-1853
-1388
-952
-467
-142
32
186
321
494
665
785
737
497
224
-78
-240
-324
-376
-489
-658
-725
-820
-780
-627
-401
-132
60
410
819
1180
1413
1530
2255
2982
3615
3983
3968
4415
3551
2065
316
-761
74
240
-7
-1063
-3112
-3694
-3893
-2980
-2081
-2175
-1500
-1120
-505
191
176
691
1165
1991
3014
3027
2773
2082
1565
1634
1407
1340
792
-181
-755
-1477
-1752
-2085
-2427
-2197
-2143
-1780
-1564
-1538
-1179
-866
-29
753
1182
1515
1493
1619
1658
1641
1663
1393
1066
669
102
-486
-1225
-1745
-2145
-2399
-2401
-2563
-2538
-2551
-2475
-2009
-1587
-1033
-572
-339
-33
171
413
660
750
757
701
526
306
28
-242
-425
-589
-761
-806
-908
-946
-876
-840
-633
-389
10
306
577
949
1280
1740
2217
2764
3275
3617
3804
4289
4069
2802
862
-805
-555
58
11
-627
-2401
-3639
-4024
-3597
-2462
-2233
-1892
-1299
-701
115
286
472
949
1618
2697
3149
2978
2404
1643
1374
1251
1163
857
1
-708
-1353
-1856
-2223
-2601
-2538
-2325
-2002
-1609
-1533
-1372
-1082
-462
415
1003
1433
1615
1605
1664
1646
1595
1448
1176
866
414
-141
-831
-1514
-2096
-2446
-2510
-2545
-2503
-2536
-2516
-2271
-1912
-1377
-803
-390
-21
210
435
584
636
714
696
639
446
149
-174
-491
-715
-817
-897
-958
-1001
-1039
-945
-805
-564
-171
103
334
767
1091
1560
1972
2250
2720
3001
3439
3958
4509
4156
2552
139
-1250
-688
89
134
-900
-2659
-3774
-3972
-3208
-2422
-2288
-1844
-1125
-166
488
464
426
768
1737
2889
3384
3083
2229
1464
1148
1108
1040
622
-95
-779
-1433
-1948
-2394
-2699
-2581
-2231
-1740
-1428
-1330
-1243
-951
-296
539
1244
1685
1768
1749
1677
1587
1535
1356
1213
839
349
-179
-852
-1468
-1972
-2341
-2532
-2541
-2514
-2419
-2343
-2286
-1903
-1403
-868
-302
36
268
455
555
738
834
771
621
398
162
-129
-402
-691
-873
-952
-1011
-1025
-995
-1036
-916
-658
-343
112
511
722
1090
1425
1958
2445
2792
3039
3454
3632
4152
4145
2851
837
-1160
-1014
-58
-20
-733
-2492
-3706
-3921
-3504
-2345
-2138
-1948
-1239
-388
598
765
688
952
1525
2701
3323
3192
2535
1589
1188
1015
892
660
-107
-838
-1467
-2010
-2310
-2737
-2688
-2339
-1953
-1436
-1233
-1050
-774
-304
525
1208
1708
1901
1886
1832
1702
1649
1508
1230
868
426
-52
-682
-1379
-1904
-2325
-2487
-2567
-2549
-2423
-2448
-2220
-1917
-1439
-821
-373
67
378
541
723
800
808
825
691
504
249
-147
-491
-792
-975
-1059
-1205
-1234
-1237
-1211
-1028
-784
-469
-60
218
625
936
1215
1630
1940
2400
2871
3092
3506
3711
3808
3721
2550
1214
-566
-1212
-497
-414
-772
-2063
-3345
-3500
-3529
-2517
-1821
-1534
-841
-325
557
961
933
1307
1664
2531
3166
3090
2688
1742
1147
858
592
482
-97
-764
-1385
-2012
-2252
-2577
-2584
-2220
-1814
-1228
-950
-709
-427
-145
560
1236
1789
2087
2013
1943
1720
1538
1385
1128
904
508
-25
-671
-1308
-1783
-2162
-2329
-2309
-2244
-2192
-2120
-2042
-1754
-1333
-782
-173
190
440
543
581
691
746
751
644
450
160
-145
-484
-789
-988
-1125
-1202
-1185
-1171
-1110
-979
-805
-504
-180
189
569
892
1228
1434
1585
2064
2457
2908
3179
3339
3605
3361
3272
2545
1019
-574
-1411
-819
-390
-993
-1919
-3069
-3435
-3254
-2461
-1487
-1215
-712
-28
643
1143
1133
1358
1755
2391
3070
3033
2535
1663
902
593
352
178
-246
-957
-1544
-2031
-2298
-2468
-2481
-2111
-1620
-1089
-674
-452
-193
106
658
1334
1817
2076
2024
1845
1616
1361
1187
935
646
329
-132
-660
-1326
-1857
-2104
-2179
-2058
-1978
-1848
-1853
-1815
-1535
-1161
-614
-144
200
463
505
525
526
523
553
471
336
38
-290
-628
-915
-1073
-1183
-1170
-1079
-1098
-1017
-1000
-890
-575
-254
231
546
820
929
1066
1436
1721
2089
2428
2549
2877
2952
3125
3310
2975
2325
1284
-173
-1210
-1187
-724
-748
-1573
-2469
-2839
-2924
-2485
-1633
-1111
-561
24
716
1183
1160
1275
1524
2000
2626
2802
2494
1704
911
442
97
-67
-330
-778
-1305
-1825
-2091
-2275
-2305
-2033
-1580
-1019
-578
-271
-42
162
555
1057
1529
1864
1920
1798
1558
1257
1003
741
479
202
-137
-544
-1048
-1621
-1983
-2098
-2065
-1812
-1700
-1637
-1527
-1442
-1052
-654
-278
153
380
528
614
491
434
363
280
222
31
-241
-557
-893
-1058
-1146
-1117
-1041
-1034
-961
-865
-743
-538
-208
112
443
691
857
1110
1311
1558
1873
2147
2518
2809
3094
3198
2962
3053
2672
1811
214
-1407
-1236
-758
-550
-1046
-2302
-2768
-3095
-2582
-1470
-1172
-626
-217
493
1263
1256
1391
1374
1696
2472
2792
2747
1958
1075
502
58
11
-230
-690
-1219
-1762
-1927
-2140
-2269
-2109
-1792
-1164
-625
-205
46
119
451
933
1485
1892
1963
1889
1639
1340
1121
843
592
239
-115
-430
-847
-1304
-1856
-2097
-2051
-1866
-1536
-1448
-1431
-1334
-1168
-677
-241
122
396
472
558
558
454
370
238
154
33
-190
-500
-854
-1113
-1279
-1272
-1214
-1126
-1053
-997
-851
-676
-438
-137
210
599
852
994
1187
1284
1498
1814
2280
2632
2834
2933
2927
2688
2919
2628
1584
37
-1449
-1296
-754
-727
-1015
-2218
-2857
-2913
-2420
-1317
-1097
-690
-148
478
1263
1345
1335
1314
1576
2340
2647
2561
1844
908
328
-75
-80
-310
-838
-1323
-1776
-1916
-2088
-2229
-2049
-1753
-1143
-564
-142
125
162
461
910
1406
1807
1842
1769
1520
1195
989
665
418
85
-286
-535
-893
-1210
-1731
-2059
-1960
-1810
-1495
-1350
-1352
-1204
-1099
-681
-230
40
298
369
463
462
327
233
79
-33
-147
-339
-576
-887
-1152
-1315
-1322
-1206
-1105
-981
-928
-803
-594
-393
-157
185
548
829
969
1054
1251
1477
1819
2044
2321
2495
2416
2740
2871
3064
2713
1405
198
-1257
-1315
-524
-591
-808
-1950
-2631
-2498
-2472
-1496
-1151
-828
-41
489
1221
1198
1009
1113
1309
2142
2576
2454
1871
936
433
64
-100
-251
-742
-1094
-1465
-1677
-1852
-2102
-1970
-1667
-1072
-451
-84
153
165
370
796
1221
1617
1682
1640
1460
1142
944
638
388
143
-106
-280
-713
-1057
-1422
-1804
-1783
-1656
-1338
-1144
-1222
-1121
-1044
-802
-370
-83
176
278
307
347
259
154
39
-70
-175
-315
-520
-827
-1087
-1272
-1232
-1134
-1070
-937
-905
-836
-667
-490
-223
60
363
679
878
911
977
1143
1404
1705
1996
2211
2392
2355
2616
2605
2747
2952
2104
999
-735
-1304
-675
-575
-510
-1242
-2130
-2215
-2414
-1583
-1135
-958
-247
306
1153
1360
1150
1135
1069
1741
2373
2504
2196
1318
720
205
-58
-98
-440
-738
-1083
-1287
-1402
-1753
-1803
-1617
-1161
-512
-109
205
225
264
568
933
1393
1605
1628
1563
1325
1107
834
575
348
122
4
-203
-612
-924
-1351
-1561
-1409
-1244
-975
-960
-1026
-886
-784
-489
-144
40
251
366
412
402
265
129
31
-38
-102
-247
-462
-703
-926
-991
-947
-898
-818
-700
-657
-510
-387
-216
10
186
495
710
806
901
1044
1283
1485
1700
1932
2119
2450
2630
2909
2762
2819
2530
1636
405
-967
-940
-442
-462
-731
-1681
-2275
-2524
-2280
-1335
-1030
-653
-115
399
954
943
900
916
1187
1930
2259
2178
1612
885
368
-14
-44
-201
-586
-952
-1305
-1505
-1759
-1967
-1852
-1548
-1017
-528
-243
-94
-102
115
523
983
1334
1437
1441
1273
1060
877
633
434
222
55
-98
-443
-768
-1191
-1456
-1518
-1348
-1065
-1008
-950
-1044
-996
-758
-546
-190
-13
114
214
163
113
10
-117
-161
-210
-288
-406
-638
-881
-1088
-1158
-1097
-978
-883
-852
-809
-744
-637
-418
-197
45
336
494
665
740
850
1015
1236
1507
1684
1873
2014
2224
2559
2564
2626
2802
2330
1591
-41
-1090
-821
-541
-250
-877
-1644
-2046
-2445
-1842
-1314
-975
-528
-116
648
964
914
808
704
1222
1832
2189
2063
1381
841
288
29
-1
-311
-560
-909
-1131
-1260
-1624
-1761
-1730
-1383
-836
-470
-150
-121
-110
134
481
933
1162
1275
1304
1141
995
769
533
349
191
152
-17
-295
-663
-1051
-1275
-1316
-1079
-887
-860
-851
-913
-840
-692
-498
-234
-68
52
125
86
-10
-142
-244
-243
-231
-274
-411
-624
-828
-966
-1015
-980
-891
-817
-744
-696
-686
-609
-468
-232
28
236
356
474
607
701
797
923
1049
1252
1467
1662
1844
1947
2116
2255
2274
2591
2446
1844
619
-788
-892
-557
-191
-355
-1229
-1724
-2068
-1831
-1262
-1058
-741
-421
242
793
839
728
487
713
1371
1811
1905
1426
865
423
171
165
-67
-406
-687
-885
-910
-1155
-1434
-1527
-1395
-924
-511
-215
-155
-199
-44
278
665
912
1017
1060
1036
1010
903
700
486
332
287
230
81
-224
-527
-692
-872
-1023
-819
-696
-659
-743
-906
-777
-736
-559
-318
-237
-127
-111
-92
-92
-165
-201
-232
-201
-200
-274
-474
-689
-823
-820
-716
-681
-668
-676
-688
-590
-408
-281
-150
51
195
377
466
510
695
827
943
1207
1426
1670
1760
1936
2190
2332
2542
2722
2886
2535
1467
-186
-821
-441
-23
-77
-816
-1431
-1934
-2134
-1549
-1270
-1040
-729
-78
602
759
685
399
473
1158
1819
2069
1752
1237
729
354
321
181
-86
-403
-606
-712
-981
-1375
-1648
-1589
-1222
-775
-453
-333
-389
-362
-74
360
725
928
1067
1114
1050
951
791
656
534
476
436
279
-25
-410
-702
-851
-871
-837
-776
-779
-865
-955
-937
-859
-656
-475
-304
-148
-149
-128
-173
-204
-150
-145
-97
-150
-246
-438
-627
-759
-808
-799
-793
-787
-834
-887
-941
-894
-727
-538
-355
-208
-75
83
194
359
517
645
805
1026
1144
1189
1197
1375
1617
1950
2054
2172
2239
2483
2516
1940
844
-569
-791
-361
-63
-201
-1066
-1573
-1995
-1804
-1171
-1104
-766
-554
120
634
699
616
297
526
1170
1649
1780
1279
791
357
190
255
46
-179
-508
-701
-800
-1037
-1269
-1425
-1240
-834
-508
-285
-291
-309
-179
162
574
791
895
937
901
841
750
625
481
401
382
301
73
-258
-525
-729
-750
-731
-714
-648
-723
-812
-863
-846
-659
-502
-354
-230
-203
-212
-240
-247
-233
-221
-240
-275
-340
-471
-668
-838
-910
-885
-834
-820
-847
-884
-879
-817
-676
-519
-338
-181
-17
109
196
323
457
677
794
887
1010
1108
1342
1548
1713
1769
1870
2240
2514
2501
1996
1100
-155
-605
-302
-33
-229
-833
-1352
-1807
-1773
-1332
-1174
-922
-613
-34
368
484
440
172
404
964
1480
1654
1354
914
449
232
244
131
-15
-306
-470
-686
-944
-1173
-1363
-1198
-904
-579
-357
-352
-405
-346
-44
310
589
785
823
829
751
619
502
430
375
355
334
142
-147
-474
-654
-673
-584
-497
-539
-762
-850
-782
-691
-632
-608
-485
-370
-257
-185
-269
-386
-403
-282
-195
-184
-310
-530
-658
-731
-719
-753
-812
-883
-865
-867
-843
-814
-818
-733
-598
-384
-202
-113
-70
13
200
444
631
729
844
910
1105
1222
1414
1641
1826
2095
2012
2227
2220
1666
300
-612
-213
92
37
-337
-877
-1379
-1734
-1297
-1004
-910
-620
-292
226
561
641
302
190
724
1252
1510
1457
1110
659
298
295
313
180
-119
-367
-429
-558
-842
-1164
-1194
-991
-713
-407
-260
-340
-405
-234
103
400
629
711
702
713
707
619
511
456
450
473
416
256
-40
-328
-443
-407
-305
-240
-277
-361
-359
-382
-409
-298
-344
-248
-76
14
41
-142
-243
-257
-186
-116
-123
-204
-368
-422
-490
-592
-620
-708
-695
-672
-723
-754
-813
-793
-675
-508
-396
-345
-273
-161
-40
151
270
364
452
558
729
848
1032
1136
1248
1399
1662
1811
1795
1864
2018
1706
375
-422
-223
134
130
-261
-672
-1234
-1494
-1116
-940
-749
-581
-322
81
479
660
223
89
585
1097
1376
1315
1064
634
336
336
339
267
15
-229
-312
-394
-682
-983
-988
-822
-629
-379
-258
-344
-385
-263
-7
278
483
590
603
626
624
517
451
426
446
449
395
257
-6
-251
-384
-351
-242
-256
-314
-363
-431
-415
-358
-232
-249
-258
-237
-131
-53
-132
-213
-302
-249
-210
-234
-276
-427
-532
-600
-601
-580
-633
-721
-752
-696
-667
-683
-707
-667
-534
-386
-273
-205
-176
-93
44
190
372
478
528
573
666
766
889
1094
1341
1528
1582
1671
1745
1662
509
-271
-174
213
370
-18
-366
-939
-1295
-968
-800
-636
-519
-362
-24
261
603
223
-34
346
799
1150
1137
934
542
214
207
230
286
89
-209
-311
-340
-492
-805
-897
-797
-627
-357
-216
-280
-355
-311
-141
94
334
450
435
443
481
422
339
301
312
365
370
304
121
-91
-253
-295
-194
-177
-192
-253
-303
-302
-288
-246
-182
-121
-42
54
47
16
-59
-82
-63
-55
-72
-133
-208
-274
-373
-521
-595
-632
-596
-566
-584
-624
-675
-675
-580
-478
-397
-307
-259
-183
-145
-112
-78
6
86
174
258
277
297
288
311
364
446
511
584
676
806
960
1114
1327
1367
942
166
-91
189
431
359
94
-237
-538
-623
-498
-486
-426
-276
-106
143
334
301
-22
-71
291
639
820
787
622
375
242
257
247
228
128
13
-17
-91
-251
-469
-531
-435
-296
-128
-92
-157
-236
-214
-99
67
245
311
326
351
356
299
248
272
327
364
375
313
177
18
-99
-116
-82
-67
-102
-153
-205
-249
-254
-251
-193
-111
0
72
123
112
103
48
-79
-88
-14
72
0
-160
-295
-430
-491
-431
-405
-466
-524
-547
-575
-553
-505
-528
-495
-353
-214
-148
-161
-143
-122
-47
74
179
228
227
206
197
245
300
340
364
418
449
500
493
506
442
472
390
414
362
56
-163
-237
-91
-126
-207
-268
-357
-375
-256
-231
-183
-147
-6
34
130
243
153
66
98
203
212
204
132
-19
-130
-162
-229
-253
-283
-333
-411
-428
-448
-493
-509
-483
-522
-664
-655
-648
-568
-581
-572
-627
-589
-510
-446
-400
-350
-285
-242
-177
-107
-69
-127
-118
-75
16
34
82
92
186
252
339
373
472
562
758
877
1102
832
-12
-370
-222
251
166
29
-347
-731
-769
-607
-680
-624
-488
-282
-189
74
224
-164
-282
2
440
642
764
595
268
175
230
176
189
148
46
-67
-97
-174
-406
-472
-439
-301
-129
-11
-108
-209
-201
-101
6
230
374
380
384
407
398
344
378
397
418
479
484
333
175
83
30
24
71
88
21
-39
-98
-127
-117
-86
-37
34
125
182
170
160
162
175
230
282
321
300
250
173
97
70
44
8
-24
-54
-96
-145
-199
-207
-206
-175
-121
-48
-25
-31
-41
-40
9
75
139
166
190
195
197
192
178
167
164
168
149
99
51
1
-24
-30
-35
-30
-35
-42
-53
-48
-20
5
35
64
111
159
171
176
183
191
204
226
235
217
203
168
121
98
77
51
49
42
27
26
9
4
15
46
72
101
125
133
151
163
179
175
120
84
71
100
98
58
-29
-86
-86
-67
-38
-63
-93
-108
-101
-100
-70
-78
-73
-54
-19
5
16
16
-3
22
69
121
138
158
139
155
162
171
173
134
89
43
8
-56
-95
-140
-181
-208
-232
-253
-264
-272
-267
-238
-197
-146
-101
-86
-41
-10
35
71
99
87
84
93
87
68
48
48
9
-14
-32
-27
-46
-59
-71
-67
-68
-49
-17
2
25
33
56
84
121
155
191
227
237
219
205
200
186
164
117
79
47
-15
-50
-95
-121
-140
-156
-162
-140
-115
-103
-88
-61
-15
31
74
113
132
148
178
205
206
198
179
182
175
177
155
119
98
75
84
97
109
92
122
149
170
179
147
114
110
151
197
209
165
130
98
106
117
136
145
135
139
134
128
102
81
46
49
92
110
102
77
39
42
48
57
55
55
52
42
58
64
67
73
75
85
104
116
102
89
77
66
84
104
118
106
92
84
92
105
103
122
126
154
174
171
168
157
156
172
191
207
203
208
176
161
221
212
178
199
177
180
177
173
150
130
152
147
162
177
180
134
140
155
166
188
200
201
183
196
214
210
208
209
196
186
201
193
165
164
154
139
156
156
145
134
137
156
165
183
190
187
191
208
220
203
193
190
183
182
194
185
169
162
148
136
133
119
99
99
88
105
113
107
129
135
138
139
156
168
172
173
162
158
156
149
136
142
140
140
134
119
104
109
110
113
100
94
105
114
106
105
119
130
154
164
168
178
188
189
199
182
171
167
170
163
171
168
159
149
139
125
117
126
108
123
133
138
135
144
153
156
154
151
164
157
151
142
148
166
165
154
154
141
132
127
121
119
97
100
89
82
83
67
66
57
70
80
90
94
104
120
115
111
131
124
114
124
133
137
116
95
86
87
86
60
43
39
36
25
19
23
21
31
42
44
46
39
56
63
74
86
87
93
96
100
90
103
98
84
65
60
43
40
24
41
19
17
36
15
13
11
24
42
42
65
