SAMPLES:	4762
BITSPERSAMPLE:	16
CHANNELS:	1
SAMPLERATE:	16000
NORMALIZED:	FALSE
-4
-6
-13
3
3
-16
-7
-2
13
-9
-15
-14
-17
3
4
-2
0
10
-1
-14
-18
-12
-18
-17
-25
-16
-18
-9
2
1
-5
6
-3
-10
1
-14
-15
-25
-17
-18
-3
8
-8
-22
-24
-17
-18
-4
-8
-14
-5
-12
-16
-2
-15
-30
-8
4
5
-17
-20
7
32
49
37
44
45
63
71
59
39
58
66
65
65
45
70
57
51
25
16
15
34
41
13
14
21
18
19
17
1
4
3
2
5
9
6
4
-1
14
6
-13
-9
3
-1
3
8
-2
7
6
5
17
7
-15
-19
-16
-14
-10
-14
-19
-48
-13
16
23
-29
-26
5
19
19
-24
7
10
57
32
9
23
73
63
42
60
81
77
85
83
54
66
93
87
61
74
89
79
73
69
32
26
33
30
2
7
9
1
-1
-16
-23
-30
-8
-27
-48
-33
-14
-34
-34
-28
-31
-20
3
0
-16
-4
-1
-11
-19
-11
-10
-31
-13
-1
-3
1
5
10
-11
11
19
11
21
23
10
16
22
32
-3
5
1
12
-46
-41
-6
-5
-39
-70
-67
-22
-43
-29
-60
-61
22
-5
-19
-64
28
23
12
6
29
34
51
56
19
33
54
58
37
47
54
49
35
52
37
31
38
48
25
55
54
29
32
25
8
-8
11
9
-7
-6
1
-3
3
8
5
1
10
11
-11
-6
6
-9
-17
-8
-12
-30
-17
-8
-27
-32
-31
-32
-27
-15
-18
-23
-14
1
-1
-5
12
16
19
26
32
12
20
24
14
7
5
13
4
-9
-104
-6
24
55
-78
-189
-26
28
-17
-107
-133
-34
-12
-77
-128
-77
27
13
-100
-29
0
90
52
-116
23
118
287
-56
-95
119
217
96
31
59
96
134
105
32
8
193
126
13
21
102
77
80
77
32
-10
62
69
21
37
50
1
-16
22
-22
-31
16
2
-75
-73
-38
-25
-28
-26
-47
-54
-18
-19
-53
-41
-23
-35
-48
-40
-28
-8
22
24
4
-1
43
51
39
65
65
39
56
77
59
38
14
63
43
61
-50
-170
-37
19
0
-185
-171
-28
-44
-114
-130
-77
-15
-33
-130
-98
-29
79
5
-57
24
163
129
-46
-2
155
364
133
-67
33
270
286
119
84
176
213
174
121
95
189
210
105
15
58
114
126
89
33
-20
-8
20
16
-1
-2
-25
-39
-39
-54
-47
8
-4
-73
-121
-105
-60
-40
-58
-99
-98
-79
-60
-111
-110
-68
-78
-118
-155
-170
-117
-113
-114
-92
-191
-168
-186
-109
-22
-72
-137
-166
-61
-22
-28
-50
40
2
-32
-97
-95
139
223
57
-142
-61
237
271
166
152
218
298
280
184
224
464
460
253
201
326
390
293
348
324
240
207
193
188
235
223
125
43
20
3
-17
12
10
-80
-163
-190
-159
-115
-114
-175
-241
-229
-232
-249
-198
-146
-183
-245
-276
-240
-191
-137
-101
-132
-143
-117
-89
-62
-11
-28
-38
-80
-44
-44
-73
-23
-20
-38
-95
-94
-95
-43
-40
-57
-141
-149
-103
-126
-113
-115
-134
-137
-147
-149
-113
-56
-17
-72
-114
7
69
174
177
190
287
360
350
74
210
605
879
396
-74
271
802
697
265
201
448
498
280
151
239
426
391
82
-88
45
197
191
-10
-145
-144
-106
-134
-175
-144
-147
-249
-334
-328
-325
-270
-178
-209
-382
-446
-342
-223
-195
-226
-264
-264
-216
-173
-172
-116
-8
-20
-81
-106
-13
35
116
50
-11
-41
-8
85
29
20
-7
-49
-76
-79
-146
-126
-108
-113
-248
-357
-267
-186
-217
-257
-301
-325
-248
-172
-130
-110
-55
-22
8
122
278
290
315
346
254
340
537
756
589
298
385
697
740
518
390
541
615
437
318
366
458
444
270
120
121
183
205
90
-51
-102
-81
-141
-214
-206
-202
-285
-380
-404
-407
-398
-354
-355
-449
-494
-439
-366
-334
-333
-333
-336
-315
-282
-250
-188
-114
-91
-123
-116
-55
-4
91
149
127
74
69
221
239
230
195
194
155
18
49
38
79
5
-142
-244
-259
-225
-256
-348
-410
-466
-478
-459
-485
-456
-419
-409
-423
-484
-355
-208
-159
-126
-124
-10
161
242
300
287
405
437
438
539
748
760
686
540
639
867
851
701
591
701
709
566
483
532
520
453
266
154
167
209
139
3
-115
-152
-176
-239
-270
-306
-344
-430
-494
-517
-509
-498
-487
-525
-592
-584
-533
-476
-443
-433
-433
-412
-377
-329
-255
-179
-131
-121
-135
-72
15
102
109
135
90
75
188
227
293
132
47
8
63
90
32
-94
-192
-232
-241
-316
-369
-348
-427
-477
-536
-544
-495
-449
-456
-555
-538
-480
-376
-263
-263
-215
-93
10
70
169
375
483
353
456
538
613
692
872
885
784
561
724
1007
999
779
602
756
803
609
495
588
595
436
206
148
197
212
120
-49
-219
-239
-253
-306
-371
-397
-460
-584
-656
-646
-568
-563
-601
-652
-708
-697
-612
-512
-466
-486
-506
-445
-385
-314
-215
-139
-91
-90
-69
15
128
191
119
77
115
196
231
102
82
91
73
-5
-101
-112
-101
-168
-287
-372
-357
-363
-449
-494
-510
-520
-539
-530
-545
-467
-404
-413
-358
-312
-233
-158
-68
39
79
144
295
443
620
689
629
517
605
878
1198
1050
766
656
854
1124
1014
789
744
838
789
558
474
611
650
412
135
-95
54
295
121
-251
-554
-358
-146
-403
-682
-635
-486
-544
-879
-932
-700
-531
-646
-909
-932
-702
-584
-599
-615
-579
-487
-423
-432
-358
-184
-78
-141
-156
-65
50
81
102
-65
102
264
206
6
-194
119
265
63
-196
-266
-126
-20
-212
-378
-403
-353
-417
-589
-572
-459
-557
-606
-624
-653
-501
-411
-456
-439
-417
-322
-169
-67
62
-22
151
295
468
528
695
769
865
969
668
1061
1003
1350
1141
964
1052
1057
1039
1166
1095
953
783
544
791
726
567
335
237
273
142
-134
-43
-49
-122
-417
-612
-580
-470
-538
-678
-786
-825
-808
-848
-857
-799
-773
-826
-886
-833
-677
-583
-533
-566
-483
-435
-333
-263
-199
-115
-130
-161
-78
-32
46
88
73
41
-9
34
115
83
33
-63
-126
-115
-117
-174
-272
-276
-335
-391
-465
-485
-465
-436
-510
-581
-563
-466
-378
-369
-305
-243
-158
-95
-10
127
334
383
428
542
705
944
963
1050
1084
898
894
1233
1618
1538
742
651
1292
1582
1136
591
768
1166
910
362
302
671
761
191
-236
-97
110
-12
-361
-463
-391
-401
-695
-977
-693
-466
-672
-1100
-1155
-861
-730
-826
-927
-922
-849
-777
-804
-669
-448
-455
-524
-561
-431
-236
-109
-64
-92
-115
-80
49
146
194
133
78
44
70
101
119
77
-9
-120
-227
-176
-124
-211
-322
-418
-464
-458
-447
-448
-469
-495
-489
-534
-444
-328
-287
-239
-203
-168
-62
102
207
336
349
512
594
778
950
994
951
1196
1074
867
1157
1476
1810
988
585
1126
1710
1401
710
582
1057
1122
581
237
490
805
409
-211
-223
79
78
-190
-493
-570
-533
-538
-723
-794
-752
-754
-967
-1096
-966
-863
-832
-843
-927
-967
-870
-720
-628
-615
-573
-607
-506
-361
-330
-209
-190
-135
-174
-160
0
44
59
23
7
32
48
86
107
53
-63
-75
-107
-89
-83
-248
-307
-307
-335
-401
-439
-398
-402
-480
-482
-458
-372
-369
-390
-302
-242
-165
-85
-68
72
181
263
383
445
581
747
891
1018
968
1042
1277
885
1064
1339
1654
1455
648
749
1453
1664
977
590
800
1152
801
334
397
738
543
-25
-283
-31
141
-76
-405
-532
-547
-532
-631
-741
-702
-720
-874
-1036
-935
-789
-747
-803
-857
-873
-844
-679
-583
-507
-492
-597
-534
-368
-222
-183
-242
-170
-100
-90
-59
46
116
106
41
4
37
122
130
64
-1
-54
-65
-35
-29
-83
-205
-272
-262
-286
-315
-299
-359
-377
-428
-429
-331
-292
-274
-248
-224
-158
-86
-41
139
213
243
337
430
591
767
774
883
1051
1094
1131
1179
725
1252
1544
1614
1196
449
1041
1678
1510
629
543
915
1133
579
209
473
679
323
-174
-223
84
102
-274
-546
-541
-547
-563
-667
-796
-751
-850
-937
-1005
-898
-806
-843
-866
-928
-929
-826
-617
-622
-614
-682
-600
-487
-359
-325
-311
-280
-207
-145
-154
-35
30
11
-41
-13
13
48
107
23
-34
-30
-79
-54
-106
-136
-193
-270
-322
-287
-346
-369
-385
-430
-364
-444
-429
-334
-306
-356
-317
-215
-93
-87
-16
60
183
259
368
482
538
662
790
954
1094
1129
1076
1264
819
1219
1495
1581
1339
674
862
1535
1519
823
621
818
1053
701
281
427
715
417
-127
-288
-8
55
-213
-563
-613
-557
-587
-715
-813
-736
-820
-972
-1036
-923
-791
-813
-847
-964
-928
-812
-744
-600
-613
-641
-567
-584
-463
-268
-277
-265
-297
-293
-139
-25
-11
-42
-84
-51
-17
20
50
-11
5
-56
-142
-104
-64
-62
-179
-298
-268
-241
-215
-282
-316
-333
-292
-375
-381
-226
-198
-245
-301
-162
-19
1
26
161
138
263
379
536
484
635
744
838
1076
1044
1053
1065
1328
940
1183
1291
1504
1383
675
831
1442
1445
830
549
740
933
672
268
261
525
289
-148
-345
-86
-24
-295
-600
-647
-615
-621
-685
-804
-781
-825
-937
-974
-875
-778
-838
-903
-840
-816
-765
-760
-635
-550
-560
-646
-602
-321
-165
-290
-406
-268
-114
-82
-133
-114
-36
-13
-103
-105
-26
62
-30
-122
-136
-143
-99
-136
-227
-240
-305
-357
-286
-277
-351
-408
-432
-316
-351
-338
-333
-367
-168
-226
-203
-73
-10
127
157
121
341
430
499
625
671
711
875
1103
1142
1010
1216
1154
848
1377
1394
1569
1114
547
1068
1599
1243
712
535
879
938
493
201
436
580
158
-315
-304
33
7
-411
-667
-615
-566
-596
-760
-782
-725
-827
-953
-966
-828
-715
-837
-909
-880
-781
-723
-640
-589
-586
-610
-600
-466
-376
-306
-347
-335
-291
-257
-135
-73
-85
-140
-169
-92
-31
-69
-142
-134
-76
-120
-197
-223
-194
-230
-242
-362
-335
-309
-330
-360
-363
-290
-360
-325
-285
-165
-213
-185
-61
-77
-8
147
114
211
338
289
472
584
699
712
879
879
1167
1083
1152
1074
775
1377
1464
1550
997
490
1115
1645
1143
548
512
893
887
411
60
465
575
49
-432
-319
53
-68
-538
-756
-629
-571
-669
-811
-821
-764
-882
-1020
-957
-777
-723
-832
-941
-865
-713
-682
-642
-615
-549
-476
-552
-467
-284
-193
-219
-328
-241
-137
-51
-27
-86
-75
-84
-66
5
-11
-76
-104
-108
-117
-164
-239
-202
-205
-305
-364
-365
-356
-293
-387
-485
-394
-337
-336
-365
-296
-320
-178
-141
-153
-5
35
62
208
246
342
325
497
621
798
872
766
1024
1302
1155
1292
967
888
1559
1578
1518
794
596
1345
1678
978
451
609
1011
828
280
72
537
534
-53
-507
-301
102
-103
-638
-775
-648
-568
-666
-852
-857
-781
-906
-1001
-974
-811
-746
-910
-918
-902
-753
-645
-612
-564
-614
-545
-480
-391
-298
-238
-286
-281
-223
-232
-84
-18
-82
-133
-144
-26
55
-26
-79
-138
-98
-121
-182
-108
-216
-306
-318
-368
-407
-317
-389
-479
-438
-499
-418
-365
-352
-312
-330
-273
-122
-95
5
23
81
193
317
386
489
601
696
810
765
1146
1151
1103
1211
1434
915
1148
1449
1660
1464
597
755
1602
1570
792
505
814
1059
712
208
300
704
315
-261
-381
10
93
-327
-685
-631
-526
-592
-733
-771
-757
-838
-984
-960
-827
-749
-879
-914
-853
-863
-755
-625
-550
-549
-684
-544
-337
-293
-319
-302
-261
-188
-176
-182
-65
-2
-80
-173
-86
15
32
-49
-79
-87
-89
-101
-133
-96
-254
-304
-259
-283
-309
-372
-426
-402
-335
-423
-388
-316
-297
-323
-249
-185
-81
-58
-39
48
110
252
293
411
473
649
721
735
1039
1092
1123
1113
1298
873
1010
1509
1511
1483
637
577
1474
1661
906
468
721
1022
770
235
203
701
429
-261
-467
-60
165
-224
-713
-714
-550
-579
-722
-794
-741
-804
-1000
-1007
-835
-709
-818
-975
-900
-845
-788
-599
-636
-606
-633
-627
-400
-313
-320
-330
-347
-236
-189
-153
-105
-105
-94
-169
-168
-7
-32
-146
-97
-149
-164
-182
-187
-146
-267
-388
-352
-342
-303
-431
-492
-425
-459
-492
-508
-426
-317
-439
-551
-309
-108
-205
-167
-125
-25
132
185
152
319
525
596
601
700
958
1022
1087
1082
1324
847
898
1427
1612
1351
551
637
1452
1464
685
395
703
921
559
50
183
619
249
-379
-477
-75
43
-348
-745
-691
-600
-690
-767
-797
-782
-854
-1012
-957
-824
-765
-919
-891
-837
-840
-762
-687
-558
-587
-574
-517
-393
-294
-316
-256
-234
-200
-183
-124
-38
-14
-52
-156
-89
69
-34
-120
-42
-76
-79
-200
-247
-138
-168
-362
-387
-363
-370
-316
-435
-520
-466
-411
-411
-381
-380
-443
-295
-253
-243
-114
-13
-34
43
74
203
435
428
387
696
688
833
1102
901
1049
1280
1369
687
1056
1535
1763
1304
366
812
1820
1488
532
405
1001
1061
502
41
428
825
215
-441
-295
205
100
-432
-693
-527
-461
-610
-726
-680
-658
-847
-991
-827
-705
-700
-853
-900
-709
-732
-649
-511
-526
-519
-543
-461
-228
-171
-236
-238
-149
-64
-44
-12
38
41
27
-36
24
158
108
-64
-85
26
-54
-83
-152
-207
-191
-308
-360
-344
-328
-406
-529
-547
-492
-456
-512
-636
-491
-458
-527
-474
-296
-267
-305
-235
-159
-43
38
5
155
231
316
411
454
675
665
886
910
1071
1137
1273
983
680
1388
1604
1492
724
348
1241
1731
958
275
507
933
721
216
35
496
419
-229
-558
-195
85
-227
-710
-785
-615
-609
-742
-788
-786
-846
-1026
-958
-788
-718
-888
-1024
-805
-788
-763
-634
-579
-502
-597
-613
-357
-174
-228
-354
-267
-129
-89
-84
-65
-10
20
-69
-117
64
115
-124
-156
-90
-44
-101
-230
-256
-225
-272
-394
-383
-336
-424
-499
-455
-486
-423
-491
-536
-346
-404
-452
-337
-262
-223
-204
-97
-52
78
140
120
268
419
472
498
585
825
873
1019
948
1127
1292
1377
891
984
1489
1656
1464
614
602
1492
1654
811
374
735
1002
700
225
261
567
299
-219
-397
-7
104
-315
-686
-638
-542
-574
-686
-755
-789
-874
-943
-872
-775
-736
-937
-897
-789
-760
-703
-689
-567
-537
-650
-564
-335
-295
-341
-320
-322
-197
-155
-164
-91
-70
-103
-160
-64
31
-28
-107
-104
-72
-37
-175
-214
-134
-183
-280
-353
-302
-296
-286
-404
-410
-334
-396
-288
-320
-326
-279
-212
-142
-79
-11
-112
76
204
250
245
314
447
478
604
610
828
938
867
1101
1018
1270
1286
1364
1021
884
1464
1578
1510
743
568
1328
1577
897
396
658
939
669
236
220
555
347
-157
-324
-43
70
-246
-587
-597
-520
-558
-653
-653
-676
-829
-879
-790
-686
-777
-872
-767
-691
-658
-791
-661
-358
-410
-629
-536
-308
-188
-252
-301
-220
-122
-117
-191
-107
19
-74
-179
-126
15
-35
-116
-140
-111
-76
-246
-230
-124
-224
-307
-395
-297
-250
-340
-381
-443
-347
-305
-415
-309
-276
-321
-233
-182
-135
-136
1
80
39
123
244
323
385
451
691
519
686
943
972
1082
950
1160
1240
1371
926
969
1445
1542
1309
602
638
1460
1439
637
361
720
879
542
149
243
450
156
-302
-326
-27
-48
-445
-665
-571
-543
-573
-672
-707
-742
-914
-935
-785
-706
-778
-880
-934
-769
-621
-689
-598
-627
-646
-486
-412
-376
-362
-378
-323
-276
-201
-212
-202
-125
-205
-210
-145
-130
-68
-151
-270
-171
-107
-176
-287
-323
-265
-274
-360
-398
-381
-416
-397
-400
-512
-414
-351
-459
-427
-385
-251
-275
-224
-206
-163
58
-80
6
124
224
233
289
418
459
530
765
799
811
930
985
1089
1242
1082
678
1193
1419
1419
953
433
928
1514
1056
415
479
790
716
370
134
381
369
-43
-347
-143
40
-217
-537
-576
-496
-501
-584
-631
-653
-715
-859
-773
-638
-626
-744
-846
-619
-591
-592
-516
-533
-428
-437
-418
-254
-170
-223
-251
-164
-82
-50
-130
-18
-8
-29
-65
-111
45
63
-86
-128
-121
-100
-78
-125
-197
-247
-279
-229
-290
-339
-367
-421
-435
-415
-415
-437
-420
-441
-338
-356
-339
-268
-181
-179
-182
-90
81
111
48
185
291
410
470
515
677
797
949
912
997
1111
1223
1268
857
1118
1435
1544
1128
652
980
1487
1235
717
562
851
885
569
320
420
508
166
-157
-83
80
-27
-351
-499
-431
-422
-518
-589
-606
-662
-790
-785
-653
-609
-672
-741
-698
-625
-590
-479
-359
-414
-558
-458
-225
-91
-158
-289
-214
-62
-51
-26
-1
14
-26
-102
-18
104
121
-10
-119
-36
-6
3
-65
-101
-133
-260
-248
-199
-180
-300
-428
-397
-369
-344
-359
-442
-360
-405
-417
-299
-239
-191
-207
-199
-116
7
95
161
154
189
297
436
550
582
617
769
855
896
1032
1075
1244
1081
898
1179
1434
1479
947
703
1089
1466
1063
564
726
881
764
465
375
528
472
89
-130
20
109
-87
-376
-404
-366
-447
-518
-545
-542
-629
-753
-728
-614
-585
-670
-691
-640
-635
-622
-497
-367
-389
-577
-514
-239
-202
-211
-322
-243
-137
-123
-152
-95
31
-67
-145
-123
5
75
-58
-183
-141
-88
-127
-185
-198
-217
-303
-365
-410
-404
-387
-463
-569
-550
-569
-543
-496
-535
-584
-594
-477
-355
-412
-394
-320
-252
-149
-121
-109
123
246
100
172
454
576
562
597
617
773
907
1014
1013
717
809
1173
1255
986
623
783
1117
1057
651
548
690
700
502
255
302
414
201
-134
-119
-30
-91
-264
-436
-458
-457
-504
-591
-623
-637
-733
-776
-737
-691
-709
-763
-740
-676
-647
-685
-613
-459
-441
-485
-501
-393
-213
-155
-252
-286
-173
-95
-27
-26
-90
-79
-73
-27
36
-1
-77
-47
-35
-115
-129
-116
-129
-189
-317
-347
-276
-271
-416
-524
-506
-448
-443
-484
-534
-514
-495
-474
-425
-346
-344
-383
-261
-214
-114
-77
6
45
151
193
242
472
455
507
620
702
762
843
987
975
811
738
1074
1265
1029
784
668
966
1144
828
592
607
711
638
413
345
442
326
61
-3
68
54
-74
-247
-311
-320
-355
-416
-447
-455
-548
-643
-597
-532
-550
-592
-616
-595
-561
-515
-453
-414
-411
-414
-424
-235
-129
-219
-193
-151
-86
6
-16
-44
14
15
-29
20
41
-18
0
-48
-44
-52
-93
-120
-114
-139
-238
-275
-245
-276
-344
-394
-437
-439
-447
-509
-515
-460
-464
-534
-416
-399
-365
-287
-297
-276
-185
-103
-66
13
21
90
214
274
408
434
526
559
613
744
876
920
877
697
775
1114
1113
943
667
709
954
1033
741
535
671
662
487
397
407
441
285
74
6
96
88
-72
-230
-239
-276
-331
-355
-385
-428
-526
-593
-551
-475
-486
-509
-542
-505
-471
-451
-385
-341
-340
-421
-347
-111
-101
-193
-172
-109
23
74
-57
22
101
27
40
83
135
72
7
-6
114
68
-43
-71
-56
-15
-113
-202
-201
-212
-278
-357
-399
-376
-380
-441
-465
-479
-446
-427
-452
-424
-390
-372
-276
-256
-218
-129
-97
-9
42
96
180
287
288
394
490
495
555
639
784
762
735
719
691
941
997
878
680
637
831
932
718
524
580
612
507
386
401
375
263
94
6
76
69
-67
-224
-246
-260
-352
-371
-376
-433
-521
-571
-540
-478
-498
-541
-543
-493
-491
-484
-421
-366
-377
-420
-397
-267
-229
-219
-163
-169
-143
-125
-16
43
53
-18
-12
31
112
119
67
81
18
13
-9
35
10
-83
-146
-174
-142
-180
-251
-299
-360
-377
-372
-415
-441
-426
-455
-492
-489
-436
-404
-426
-383
-402
-328
-247
-216
-202
-158
-52
21
62
102
194
317
382
360
446
527
646
730
615
691
634
736
908
843
770
564
679
828
802
631
521
591
565
446
392
376
394
254
71
68
166
108
-38
-180
-173
-193
-253
-270
-334
-344
-414
-467
-446
-414
-396
-471
-500
-447
-420
-412
-367
-342
-345
-362
-303
-217
-176
-190
-265
-159
-94
-66
-85
-108
22
33
19
0
80
134
63
19
-10
119
103
66
-20
-77
-44
-55
-99
-121
-175
-280
-264
-218
-290
-352
-381
-412
-400
-397
-429
-419
-369
-414
-398
-294
-256
-225
-233
-182
-128
29
48
41
155
241
288
291
420
505
567
603
547
696
638
623
814
791
748
565
622
761
803
634
514
552
561
533
453
412
385
295
181
173
221
128
27
-76
-49
-86
-153
-164
-214
-256
-334
-373
-344
-316
-356
-434
-431
-363
-363
-395
-345
-338
-347
-387
-338
-253
-215
-209
-236
-178
-122
-73
-72
-34
-13
0
-36
50
115
63
33
17
144
127
93
39
50
47
-8
11
-2
-34
-100
-180
-145
-117
-212
-302
-286
-294
-325
-410
-388
-372
-405
-434
-458
-391
-361
-375
-382
-331
-274
-283
-223
-167
-124
-52
6
64
126
159
197
299
377
455
416
462
423
545
669
615
588
481
553
664
657
529
458
502
504
489
456
383
360
315
253
225
212
160
119
37
1
-52
-52
-65
-134
-185
-265
-272
-262
-260
-307
-349
-363
-369
-346
-364
-343
-336
-344
-348
-297
-270
-276
-256
-245
-217
-174
-116
-87
-66
-39
-27
-6
52
81
76
68
89
113
140
113
82
166
101
102
60
56
75
90
12
-76
-24
-67
-74
-77
-194
-218
-210
-251
-272
-237
-303
-339
-314
-330
-339
-307
-295
-316
-294
-279
-236
-169
-162
-166
-116
-29
26
74
136
152
230
294
283
313
412
439
411
465
476
537
504
490
499
558
487
429
493
492
443
412
387
365
343
308
254
243
187
125
84
97
56
-30
-80
-103
-115
-163
-206
-237
-239
-262
-311
-323
-294
-296
-351
-348
-337
-333
-350
-349
-334
-320
-291
-287
-267
-218
-196
-192
-178
-135
-95
-82
-68
-37
-9
14
37
61
79
94
99
104
130
134
134
97
50
177
129
76
5
-11
67
114
0
-141
-120
-68
-91
-88
-193
-273
-205
-218
-253
-248
-307
-344
-329
-285
-301
-314
-272
-325
-285
-224
-244
-190
-135
-125
-146
-67
-28
5
59
76
82
155
232
252
317
347
294
272
419
483
453
381
322
434
506
455
367
396
423
343
336
342
302
271
163
103
165
140
80
-3
2
-34
-113
-95
-97
-120
-188
-265
-274
-219
-229
-303
-338
-299
-299
-335
-294
-285
-288
-306
-326
-260
-192
-182
-212
-192
-132
-102
-93
-67
-36
-25
-36
-8
63
84
78
78
104
139
144
155
156
167
165
162
163
222
174
182
107
133
191
93
100
40
83
80
54
-33
-69
-5
-64
-116
-109
-164
-169
-126
-170
-199
-203
-255
-234
-207
-208
-254
-234
-197
-205
-155
-171
-166
-118
-65
-58
-18
42
56
66
93
130
161
215
195
206
269
272
276
314
319
275
290
348
362
337
267
249
302
322
238
201
190
177
158
151
120
67
28
-12
-33
-21
-75
-143
-151
-154
-180
-233
-253
-277
-287
-320
-364
-346
-316
-330
-350
-340
-349
-323
-278
-259
-244
-226
-202
-168
-92
-84
-66
-29
16
67
102
120
157
214
252
289
316
341
386
419
488
472
452
480
482
509
458
425
443
419
403
369
339
312
247
235
235
167
140
94
55
44
-11
-47
-85
-104
-136
-179
-187
-217
-229
-229
-261
-249
-253
-269
-245
-251
-237
-251
-227
-188
-191
-159
-150
-154
-128
-108
-95
-79
-56
-23
-29
0
32
41
68
83
115
133
146
162
165
189
185
177
171
177
169
152
117
109
110
108
91
78
88
57
44
34
35
25
-8
-23
-28
-48
-58
-81
-73
-75
-90
-86
-92
-80
-75
-71
-80
-69
-37
-32
-19
-4
-11
-6
2
6
11
13
20
39
45
45
55
49
76
67
58
77
89
89
75
70
87
102
83
83
72
88
81
68
79
65
65
63
58
66
65
44
40
53
50
47
40
44
38
21
19
16
19
9
-7
5
5
2
4
1
4
-25
-7
-12
-11
19
-8
-20
-12
-10
3
-8
3
15
5
9
18
25
28
12
24
21
31
49
38
36
43
38
74
10
41
39
19
38
-53
-10
12
50
-14
-48
4
6
41
57
-14
-12
-5
-7
67
67
25
8
8
62
63
64
37
35
67
55
78
87
88
68
58
79
101
80
57
48
41
72
60
59
66
63
34
20
30
46
30
12
11
6
22
12
33
34
18
1
-9
37
33
2
-10
2
26
41
34
23
14
18
30
33
30
2
-2
-1
27
45
26
18
19
33
26
22
22
26
20
10
13
30
46
35
48
39
43
40
39
40
30
20
26
34
29
38
29
46
52
55
39
37
47
49
55
48
63
83
91
90
107
84
69
52
67
90
72
76
59
70
85
65
73
74
54
67
82
77
75
61
64
57
85
77
54
62
61
68
71
79
59
61
45
58
56
51
46
31
42
49
42
54
53
61
55
55
75
72
64
62
51
49
61
52
46
45
45
47
33
41
53
46
46
34
44
45
36
40
45
35
37
49
35
37
19
36
51
52
54
35
54
42
69
64
63
62
58
59
65
62
42
26
4
11
2
14
17
13
8
26
30
27
25
16
17
16
18
15
27
41
45
51
55
69
73
51
60
70
68
68
61
71
72
67
61
65
75
81
75
74
71
67
56
66
72
70
72
71
59
72
66
62
45
39
53
35
41
52
38
25
25
16
11
13
5
5
1
-9
-11
11
12
-3
5
10
3
10
-3
7
14
9
16
-2
4
10
7
28
12
17
21
11
10
22
16
16
23
19
29
23
27
12
11
6
8
24
21
19
21
28
16
