SAMPLES:	4885
BITSPERSAMPLE:	16
CHANNELS:	1
SAMPLERATE:	16000
NORMALIZED:	FALSE
-16
-22
-38
-44
-40
-39
-42
-34
-22
-29
-28
-26
-38
-14
-9
-11
-6
-3
0
-7
-20
-12
-16
-19
-24
-26
-12
-22
-1
-4
2
12
22
23
37
53
67
66
76
81
74
91
94
92
90
95
69
57
37
30
18
14
-5
-13
-16
-32
-35
-29
-29
-28
-19
-15
-17
-32
-24
-25
-26
-34
-36
-25
-13
-11
-13
-7
-12
-2
-1
-10
-5
-2
-3
-2
0
8
3
-5
-10
-9
-6
-19
-16
-10
-10
-14
-7
-7
4
17
24
26
39
60
76
90
98
88
88
93
81
73
62
45
25
17
9
10
12
-15
-9
-17
-15
-2
-15
-12
-10
-4
3
19
12
15
12
-2
7
16
13
9
12
2
1
-3
-5
5
7
12
-8
-9
-4
10
13
27
34
29
31
28
27
39
33
31
38
43
41
34
38
28
27
15
5
-4
-7
-13
-5
-11
-21
-13
-10
-6
1
2
-8
-16
-3
-1
5
3
3
-3
-18
-30
-38
-28
-35
-38
-44
-48
-45
-52
-62
-70
-72
-51
-51
-44
-19
0
12
35
46
63
77
79
81
83
77
79
93
104
97
87
92
76
55
45
19
14
18
13
7
11
8
2
2
6
12
13
9
0
0
-1
-10
-5
-3
-23
-16
-25
-39
-25
-29
-38
-36
-37
-29
-14
0
13
4
9
33
24
30
38
32
35
28
31
26
19
21
28
22
32
28
32
27
15
19
-6
-21
-31
-28
-43
-48
-58
-59
-70
-64
-68
-79
-82
-103
-100
-89
-75
-73
-51
-23
0
16
38
70
82
85
85
114
113
94
97
77
74
73
72
59
29
6
7
8
4
-13
-10
-10
-13
0
-1
-9
-20
-28
-39
-26
-25
-26
-18
-36
-48
-62
-68
-69
-78
-89
-81
-58
-58
-53
-35
-41
-38
-25
-13
-7
-4
1
12
24
37
44
47
48
54
37
25
14
-5
-13
-42
-53
-63
-67
-75
-69
-101
-89
-80
-80
-65
-45
-39
-16
21
34
66
81
106
133
146
145
147
138
135
122
125
112
102
88
70
64
66
58
45
30
18
1
0
8
-4
5
-7
11
1
-1
10
11
0
-8
-18
-37
-38
-37
-37
-43
-34
-34
-36
-47
-48
-62
-76
-65
-55
-58
-73
-68
-79
-77
-85
-96
-104
-105
-109
-117
-112
-101
-81
-65
-43
-36
-5
18
39
38
58
78
105
132
149
172
189
200
215
224
229
214
198
184
152
143
100
72
26
-14
-55
-88
-130
-155
-181
-197
-223
-240
-255
-267
-274
-285
-294
-286
-275
-274
-235
-242
-221
-204
-171
-136
-115
-89
-60
-38
-10
33
58
86
128
149
175
199
209
231
245
272
290
294
296
292
277
263
247
229
192
153
109
55
-8
-77
-131
-197
-253
-293
-326
-354
-389
-404
-405
-402
-366
-349
-329
-282
-227
-163
-113
-51
11
86
137
205
257
299
363
414
444
467
485
499
514
504
496
483
463
406
383
348
307
261
210
170
123
71
26
3
-48
-77
-121
-153
-187
-203
-221
-251
-282
-292
-293
-302
-313
-316
-311
-299
-271
-261
-239
-222
-168
-142
-115
-97
-70
-35
3
26
28
35
32
43
28
21
4
-7
-22
-48
-73
-94
-103
-126
-146
-158
-156
-164
-160
-153
-135
-128
-97
-60
-44
13
52
109
169
224
274
348
386
447
473
504
505
481
474
438
406
340
306
250
179
136
88
23
-26
-75
-91
-116
-135
-153
-155
-167
-171
-158
-160
-157
-173
-168
-197
-213
-217
-197
-198
-198
-204
-205
-212
-209
-187
-151
-129
-107
-72
-56
-2
45
94
117
150
188
191
204
199
173
140
91
53
0
-61
-122
-174
-233
-297
-343
-376
-397
-431
-437
-425
-427
-404
-355
-313
-266
-207
-145
-72
-9
83
181
275
356
449
530
603
684
723
765
787
803
783
758
709
661
589
507
441
364
276
199
146
64
-33
-107
-127
-170
-231
-263
-290
-326
-346
-354
-366
-396
-396
-382
-406
-431
-423
-404
-410
-402
-377
-347
-328
-284
-207
-164
-129
-73
-7
40
73
142
189
207
240
267
276
256
250
238
189
116
68
13
-64
-119
-187
-251
-336
-396
-419
-470
-515
-540
-546
-548
-551
-512
-456
-418
-371
-290
-212
-136
-40
67
165
252
350
460
566
659
739
809
826
834
850
862
811
747
706
640
544
458
387
310
208
128
75
-21
-133
-188
-230
-287
-340
-368
-396
-451
-467
-462
-475
-533
-534
-510
-534
-541
-519
-486
-488
-453
-407
-355
-316
-247
-145
-106
-80
0
74
103
141
206
250
239
223
243
237
181
160
135
57
-34
-68
-106
-176
-234
-285
-340
-398
-439
-451
-466
-488
-496
-481
-463
-446
-395
-327
-268
-198
-100
-7
79
176
318
418
484
580
671
758
828
882
911
910
905
914
889
809
760
686
591
491
401
330
221
123
52
-19
-152
-233
-258
-309
-373
-422
-448
-487
-520
-528
-517
-531
-551
-533
-509
-529
-519
-451
-414
-423
-396
-327
-290
-237
-152
-66
-46
-8
63
115
146
179
237
245
213
210
218
181
139
113
77
-4
-90
-135
-175
-244
-318
-356
-409
-467
-510
-506
-514
-532
-520
-483
-465
-414
-315
-219
-154
-86
27
132
230
332
441
533
608
678
773
825
890
937
950
923
914
918
886
798
738
684
577
478
375
288
165
51
-30
-110
-255
-361
-392
-423
-499
-540
-573
-600
-612
-598
-581
-609
-629
-592
-532
-538
-528
-473
-396
-386
-352
-277
-238
-194
-108
-16
4
-2
43
112
130
152
204
208
184
179
191
159
103
75
34
-38
-118
-152
-183
-254
-327
-375
-433
-480
-518
-528
-526
-554
-539
-493
-449
-420
-332
-217
-135
-54
74
175
271
382
503
589
645
702
777
834
863
911
953
955
937
942
953
923
869
797
734
609
502
409
305
168
46
-52
-149
-295
-418
-476
-527
-586
-648
-669
-703
-713
-690
-654
-655
-637
-600
-534
-510
-480
-414
-361
-318
-286
-233
-206
-173
-115
-48
-23
-18
20
67
78
90
105
128
107
86
93
83
59
40
27
-35
-87
-129
-179
-224
-299
-352
-383
-447
-473
-486
-505
-530
-530
-487
-447
-381
-297
-174
-78
20
131
242
325
414
485
556
598
634
695
733
784
823
895
926
948
942
984
987
967
902
824
773
672
559
435
299
149
35
-61
-173
-338
-455
-533
-565
-631
-673
-699
-703
-676
-623
-573
-563
-517
-442
-383
-356
-339
-300
-238
-208
-166
-152
-131
-112
-57
-17
-3
12
26
79
103
122
140
160
179
178
177
178
165
153
144
97
34
-5
-26
-69
-156
-232
-281
-343
-390
-401
-420
-438
-414
-374
-334
-292
-208
-70
32
110
191
268
340
383
428
454
485
515
570
620
661
737
810
872
913
929
970
977
960
899
838
770
652
521
403
245
90
-47
-172
-275
-415
-539
-606
-652
-679
-706
-736
-728
-714
-650
-599
-584
-535
-481
-427
-397
-379
-348
-308
-298
-273
-250
-264
-254
-218
-179
-156
-167
-148
-96
-86
-55
-11
8
33
46
82
89
73
73
66
41
-20
-57
-105
-161
-215
-293
-327
-394
-429
-442
-451
-457
-441
-410
-360
-295
-214
-109
-8
55
122
178
227
273
302
327
351
390
430
491
548
606
702
773
824
853
884
907
913
882
796
726
638
556
433
288
118
-28
-146
-271
-392
-531
-635
-681
-707
-732
-760
-785
-752
-708
-659
-606
-581
-546
-483
-435
-406
-407
-370
-323
-307
-298
-293
-280
-253
-224
-191
-186
-172
-140
-89
-36
-10
27
61
99
112
136
140
141
138
106
63
-4
-53
-88
-132
-210
-255
-290
-345
-383
-403
-398
-396
-368
-318
-277
-222
-136
-43
21
70
130
179
228
267
313
351
409
472
545
624
687
785
868
946
965
991
997
1015
962
879
798
692
578
439
315
138
-2
-138
-230
-342
-478
-567
-578
-615
-650
-657
-642
-612
-585
-528
-482
-465
-449
-378
-336
-336
-344
-332
-309
-293
-308
-306
-293
-278
-224
-190
-187
-181
-136
-72
-25
-8
49
88
103
107
133
134
112
102
76
13
-50
-94
-143
-205
-293
-331
-365
-392
-423
-412
-407
-395
-360
-322
-258
-193
-114
-32
28
70
143
200
253
313
372
435
500
573
668
756
833
897
947
950
969
971
960
892
811
723
604
492
333
180
35
-100
-248
-351
-485
-602
-646
-663
-689
-731
-753
-706
-665
-623
-562
-531
-503
-470
-425
-402
-391
-389
-357
-340
-325
-315
-301
-291
-268
-227
-197
-178
-166
-111
-48
10
58
125
163
173
191
216
217
207
190
161
98
39
1
-59
-102
-174
-209
-252
-280
-297
-269
-253
-231
-180
-128
-54
26
117
185
243
279
348
415
491
559
647
695
771
847
941
1034
1073
1083
1080
1092
1073
1038
945
869
757
661
521
366
196
55
-87
-205
-332
-478
-568
-625
-647
-682
-722
-756
-731
-710
-662
-646
-620
-588
-550
-528
-517
-490
-472
-447
-439
-424
-431
-419
-392
-356
-307
-275
-253
-205
-153
-103
-52
-5
38
61
76
112
123
125
118
85
41
-21
-57
-110
-163
-218
-251
-261
-270
-275
-263
-227
-201
-153
-97
-37
33
103
173
254
294
329
390
454
503
566
647
717
793
901
1003
1054
1086
1112
1152
1145
1114
1034
975
888
780
673
535
393
273
181
68
-31
-161
-232
-272
-299
-327
-346
-353
-339
-316
-284
-260
-249
-235
-221
-205
-242
-253
-250
-263
-295
-329
-328
-335
-332
-309
-307
-290
-265
-220
-166
-129
-88
-37
10
34
27
48
59
18
-23
-67
-135
-200
-236
-306
-363
-430
-475
-501
-523
-546
-527
-484
-422
-348
-269
-198
-127
-60
16
85
133
199
268
346
439
517
590
660
753
840
908
934
939
963
977
941
844
768
679
567
410
268
93
-49
-183
-310
-441
-587
-665
-695
-728
-776
-803
-795
-736
-707
-679
-645
-614
-581
-533
-511
-521
-525
-495
-459
-456
-478
-482
-473
-451
-415
-388
-347
-311
-248
-179
-88
-32
16
80
113
137
170
185
171
156
128
81
31
-18
-88
-147
-222
-277
-304
-325
-364
-360
-307
-276
-209
-136
-55
29
108
198
275
338
406
488
581
653
732
796
887
940
989
995
1030
1026
1022
959
876
807
701
606
458
329
173
77
-64
-170
-296
-398
-470
-497
-537
-588
-605
-628
-584
-563
-519
-521
-494
-469
-427
-418
-421
-417
-405
-399
-384
-371
-402
-384
-376
-343
-319
-300
-281
-233
-199
-161
-139
-117
-103
-85
-71
-41
-22
-16
-11
-19
-49
-86
-100
-145
-188
-227
-232
-244
-252
-256
-212
-161
-100
-23
63
146
238
351
423
504
556
627
712
829
887
988
1063
1168
1217
1264
1271
1310
1331
1329
1318
1261
1226
1143
1062
925
780
597
448
274
127
-51
-175
-271
-342
-388
-449
-480
-486
-446
-415
-377
-383
-363
-355
-338
-346
-360
-391
-408
-417
-437
-448
-460
-447
-437
-416
-410
-374
-326
-257
-208
-157
-121
-62
-16
-2
20
15
15
-33
-79
-132
-193
-267
-332
-390
-467
-535
-586
-631
-643
-632
-624
-549
-482
-382
-277
-181
-73
50
141
237
333
418
543
633
722
795
903
960
1018
1012
1037
1029
1009
905
809
709
565
442
289
136
-44
-182
-340
-440
-595
-697
-756
-781
-826
-853
-873
-862
-817
-795
-744
-737
-713
-671
-607
-600
-562
-559
-525
-503
-478
-453
-421
-390
-346
-294
-244
-209
-154
-69
-4
39
53
86
119
126
140
150
128
84
62
27
-41
-97
-161
-214
-291
-346
-393
-409
-422
-386
-355
-299
-231
-135
-44
63
182
297
422
496
592
693
795
870
934
995
1078
1131
1152
1172
1181
1170
1155
1109
993
896
770
637
481
319
139
0
-174
-298
-453
-566
-634
-701
-742
-789
-800
-803
-763
-727
-683
-653
-626
-605
-555
-529
-492
-482
-455
-428
-403
-391
-356
-316
-290
-239
-196
-150
-111
-35
0
57
76
112
152
174
170
157
143
93
59
-4
-61
-144
-232
-306
-388
-470
-510
-538
-556
-564
-543
-497
-451
-369
-253
-152
-51
61
164
257
347
453
572
689
791
887
981
1062
1115
1154
1148
1165
1125
1075
988
906
759
620
474
330
157
9
-120
-256
-367
-507
-572
-617
-644
-691
-718
-717
-699
-671
-645
-616
-617
-592
-548
-517
-506
-483
-471
-449
-446
-399
-387
-342
-316
-264
-226
-203
-176
-99
-37
-15
25
36
78
82
87
84
71
28
6
-35
-81
-151
-205
-281
-335
-400
-444
-465
-486
-484
-458
-417
-375
-305
-222
-102
-38
62
159
250
312
414
525
639
755
857
982
1094
1186
1238
1271
1287
1284
1256
1153
1074
947
806
642
479
296
140
-30
-184
-315
-470
-581
-639
-675
-711
-747
-791
-775
-742
-703
-671
-648
-633
-609
-562
-543
-530
-507
-491
-448
-419
-376
-351
-292
-234
-173
-111
-66
10
98
165
196
236
246
276
277
288
281
252
205
139
67
-19
-81
-164
-227
-302
-365
-421
-437
-429
-436
-404
-392
-336
-268
-174
-93
10
112
193
283
345
450
522
630
699
814
892
1017
1094
1169
1194
1210
1232
1246
1195
1086
1000
868
749
561
447
233
100
-73
-202
-333
-471
-562
-604
-622
-682
-696
-713
-658
-639
-606
-569
-538
-528
-479
-459
-419
-421
-398
-392
-364
-359
-345
-290
-257
-220
-203
-136
-127
-58
8
74
68
88
107
137
127
100
82
40
-12
-77
-116
-192
-237
-322
-367
-435
-490
-523
-544
-561
-553
-506
-445
-374
-305
-199
-96
10
83
159
220
292
340
429
497
576
656
746
848
955
1065
1098
1138
1156
1210
1203
1135
1025
953
817
677
503
356
165
-3
-157
-286
-431
-584
-636
-659
-684
-744
-748
-716
-647
-612
-559
-528
-502
-469
-419
-387
-375
-372
-347
-324
-338
-324
-314
-276
-255
-228
-207
-187
-180
-113
-51
-7
10
34
85
110
110
100
110
60
21
-34
-64
-131
-200
-268
-324
-379
-450
-461
-479
-490
-494
-448
-415
-352
-263
-142
-50
29
123
199
276
334
413
501
590
667
773
881
992
1078
1208
1284
1338
1329
1383
1391
1381
1262
1166
1055
889
739
559
396
185
32
-142
-251
-426
-530
-584
-623
-655
-689
-680
-653
-602
-576
-529
-508
-489
-455
-393
-379
-372
-366
-363
-364
-347
-326
-294
-271
-249
-195
-145
-97
-67
13
57
85
115
143
146
156
161
146
116
46
-25
-76
-141
-221
-285
-363
-430
-490
-538
-553
-555
-566
-539
-514
-446
-372
-276
-159
-61
25
102
176
226
268
306
320
343
365
416
486
591
699
802
920
1056
1139
1230
1274
1324
1321
1311
1164
1085
949
801
623
416
212
17
-159
-313
-430
-588
-685
-696
-686
-709
-716
-684
-611
-550
-509
-450
-406
-360
-322
-265
-252
-254
-260
-231
-213
-227
-226
-199
-166
-130
-91
-26
26
86
176
237
288
325
354
387
395
355
344
306
227
143
82
-8
-93
-190
-300
-388
-479
-549
-587
-614
-640
-637
-620
-579
-522
-440
-339
-241
-159
-78
-20
18
44
82
98
102
96
115
156
199
301
422
550
667
830
967
1075
1128
1168
1221
1189
1164
1028
951
794
636
427
242
35
-159
-324
-481
-627
-775
-831
-832
-820
-831
-816
-777
-696
-618
-549
-513
-482
-460
-422
-396
-398
-420
-418
-407
-448
-444
-453
-415
-364
-317
-270
-205
-137
-72
40
119
189
241
304
325
335
329
291
236
169
80
-4
-92
-181
-284
-372
-450
-528
-577
-609
-617
-623
-610
-587
-545
-504
-433
-353
-275
-202
-146
-95
-66
3
18
8
7
0
-5
-6
46
98
199
315
466
605
774
947
1045
1127
1154
1213
1196
1173
1046
939
782
616
413
234
17
-175
-343
-511
-627
-753
-809
-813
-792
-791
-772
-750
-647
-584
-531
-501
-474
-479
-467
-429
-431
-448
-491
-471
-485
-502
-520
-467
-414
-345
-318
-215
-140
-47
86
185
265
315
392
439
472
464
453
414
351
251
180
106
19
-80
-175
-259
-336
-387
-405
-419
-437
-414
-393
-331
-280
-214
-124
-45
19
67
106
131
144
135
125
73
44
11
29
73
138
215
322
455
608
782
923
1036
1201
1289
1342
1353
1376
1387
1330
1208
1026
910
726
549
341
161
-41
-185
-336
-444
-549
-633
-638
-612
-608
-620
-582
-511
-426
-391
-369
-372
-363
-341
-327
-335
-333
-366
-360
-339
-330
-311
-278
-198
-115
-46
26
122
196
291
391
444
454
470
481
482
447
389
332
239
135
33
-87
-203
-289
-398
-481
-560
-626
-657
-667
-676
-681
-657
-611
-551
-497
-418
-346
-283
-256
-237
-221
-212
-232
-251
-306
-342
-351
-344
-305
-250
-169
-89
45
178
328
486
653
804
940
1075
1171
1221
1244
1258
1250
1191
1102
935
842
682
495
309
145
-15
-156
-307
-440
-551
-642
-665
-649
-645
-678
-694
-640
-581
-567
-552
-566
-571
-579
-573
-576
-586
-602
-616
-582
-599
-591
-548
-479
-401
-346
-288
-193
-110
-14
79
141
175
186
200
193
169
118
81
10
-88
-180
-245
-314
-402
-486
-546
-620
-670
-703
-713
-702
-702
-683
-653
-595
-554
-497
-436
-383
-370
-328
-304
-273
-273
-277
-281
-309
-327
-300
-252
-207
-146
-89
37
151
284
416
550
665
788
922
1023
1171
1209
1239
1201
1225
1193
1143
1031
890
777
619
473
309
175
24
-86
-248
-366
-501
-546
-564
-553
-594
-627
-644
-591
-529
-490
-463
-464
-437
-452
-411
-421
-381
-379
-346
-311
-284
-239
-166
-48
56
126
184
282
372
490
586
643
658
687
701
722
687
636
566
467
364
255
158
59
-45
-162
-261
-351
-410
-446
-474
-511
-530
-525
-499
-457
-422
-382
-352
-340
-334
-313
-312
-299
-307
-316
-336
-340
-313
-257
-207
-159
-82
4
128
243
364
447
551
663
766
856
967
1055
1157
1175
1162
1098
1102
1069
967
883
693
619
470
319
208
149
23
-56
-221
-326
-382
-435
-434
-438
-501
-572
-600
-530
-436
-427
-409
-472
-486
-474
-424
-389
-364
-404
-403
-376
-343
-227
-113
20
115
211
291
410
525
626
654
617
570
536
521
503
449
358
259
152
88
11
-37
-98
-199
-290
-376
-424
-422
-421
-433
-460
-448
-406
-354
-286
-250
-235
-236
-249
-273
-276
-282
-276
-321
-335
-319
-273
-202
-117
-61
-16
28
118
213
299
396
469
527
614
690
776
826
908
958
1042
1036
1019
962
958
936
872
828
682
650
452
325
162
62
-43
-111
-311
-455
-564
-617
-590
-586
-638
-711
-757
-736
-649
-578
-522
-553
-527
-503
-438
-363
-262
-213
-175
-172
-157
-86
-1
89
117
110
81
115
163
247
250
223
144
105
80
75
70
7
-86
-205
-305
-377
-380
-428
-502
-598
-677
-732
-728
-710
-692
-682
-666
-620
-583
-493
-428
-376
-363
-382
-404
-396
-390
-388
-411
-444
-456
-447
-418
-358
-329
-273
-222
-169
-79
27
133
193
274
361
443
557
649
774
890
1001
1115
1186
1206
1184
1208
1140
1142
1015
927
853
654
482
350
238
169
60
-113
-261
-387
-428
-422
-426
-510
-572
-623
-561
-512
-457
-405
-413
-384
-346
-290
-209
-124
-84
-53
-65
-41
29
111
177
207
197
183
233
291
350
388
357
290
261
243
251
253
192
79
-21
-101
-167
-205
-297
-408
-529
-638
-687
-717
-721
-748
-776
-780
-754
-687
-604
-541
-507
-488
-482
-452
-435
-409
-387
-400
-427
-464
-451
-429
-383
-347
-303
-249
-174
-69
24
98
178
242
318
405
520
603
717
789
873
980
1024
1041
969
1020
885
916
773
656
561
351
182
101
20
28
-4
-87
-84
-52
18
90
144
57
18
-80
-23
0
51
59
22
38
31
64
195
323
384
454
474
530
591
612
578
530
380
274
203
190
169
138
85
18
-12
-31
1
-5
-39
-129
-196
-249
-269
-271
-314
-384
-458
-538
-572
-576
-596
-624
-670
-665
-656
-619
-532
-458
-387
-322
-278
-208
-157
-111
-93
-95
-123
-144
-156
-148
-119
-112
-83
-47
-1
65
128
176
246
296
351
425
482
561
632
696
766
878
917
952
890
879
845
827
884
788
838
782
689
654
635
616
609
471
322
196
130
80
73
-20
-140
-241
-297
-251
-247
-224
-277
-328
-349
-359
-330
-276
-279
-284
-312
-309
-231
-144
-84
-22
-15
-42
34
75
143
175
156
118
74
72
65
62
40
-50
-135
-194
-243
-243
-281
-364
-458
-524
-573
-571
-589
-619
-665
-700
-704
-687
-649
-615
-575
-554
-523
-477
-427
-396
-355
-344
-381
-415
-415
-427
-433
-453
-494
-486
-472
-456
-409
-349
-314
-245
-178
-103
-5
90
203
296
380
466
586
701
783
835
839
874
850
880
874
809
786
661
517
463
414
377
313
167
44
-12
-25
-30
16
-33
-89
-131
-120
-48
-11
12
-19
-63
-59
-54
4
65
57
17
-9
-4
43
115
127
157
132
122
190
266
320
343
370
377
348
362
376
356
305
225
152
69
-3
-67
-135
-245
-353
-451
-515
-546
-586
-649
-700
-735
-762
-767
-766
-775
-787
-789
-783
-736
-699
-659
-630
-613
-608
-600
-560
-558
-555
-562
-578
-559
-537
-497
-441
-410
-373
-316
-245
-165
-84
4
82
150
235
327
433
542
640
730
840
873
916
958
967
1001
1002
963
928
849
745
676
612
526
423
300
158
100
41
36
14
-26
-65
-63
-2
63
120
158
156
148
166
173
221
253
238
225
210
216
275
309
324
310
267
239
221
219
212
215
198
196
217
269
321
345
359
341
309
292
271
259
215
160
95
60
34
20
-29
-66
-108
-149
-171
-206
-221
-248
-280
-289
-282
-287
-280
-265
-257
-258
-255
-245
-242
-253
-272
-275
-279
-281
-269
-265
-250
-212
-184
-170
-147
-124
-81
-20
26
82
140
174
228
291
349
421
494
546
611
640
635
614
617
618
609
583
507
459
380
329
298
261
211
119
37
-34
-77
-68
-91
-129
-192
-228
-239
-221
-168
-160
-166
-193
-201
-161
-116
-70
-68
-92
-100
-97
-75
-38
-16
-20
-47
-66
-77
-51
-41
-72
-111
-144
-152
-162
-134
-124
-142
-157
-164
-175
-164
-144
-160
-164
-163
-160
-147
-145
-141
-174
-203
-228
-243
-245
-263
-298
-328
-333
-337
-340
-340
-324
-326
-319
-311
-321
-306
-297
-303
-313
-308
-304
-300
-308
-307
-297
-305
-297
-273
-266
-258
-233
-212
-168
-128
-96
-55
-30
10
69
128
185
245
298
367
424
471
534
558
582
573
562
582
578
574
534
480
425
373
339
315
276
207
153
94
31
5
-30
-63
-105
-146
-174
-170
-155
-151
-147
-169
-164
-139
-116
-80
-63
-61
-58
-35
4
24
57
77
57
71
77
94
133
147
159
142
153
174
200
207
210
216
199
192
197
208
190
172
142
131
117
108
118
78
39
26
4
-13
-24
-65
-84
-118
-145
-137
-148
-154
-160
-169
-159
-140
-143
-137
-138
-133
-135
-143
-143
-156
-161
-167
-172
-168
-172
-167
-165
-158
-166
-159
-138
-127
-104
-87
-60
-33
-7
16
51
77
104
128
160
186
215
242
267
293
312
348
385
435
489
501
497
492
484
505
488
470
420
345
295
246
208
172
119
47
-12
-82
-129
-156
-185
-218
-272
-325
-332
-324
-291
-261
-262
-262
-249
-219
-162
-111
-98
-84
-68
-40
-8
15
48
62
50
48
46
72
54
63
64
51
60
73
82
87
93
91
105
107
106
107
105
90
90
83
70
66
54
22
-4
-23
-26
-42
-86
-113
-132
-155
-163
-155
-152
-166
-177
-158
-134
-115
-105
-99
-94
-78
-63
-48
-42
-48
-54
-65
-65
-50
-63
-64
-74
-98
-94
-102
-99
-91
-77
-86
-74
-48
-28
-13
11
22
25
42
63
72
86
73
75
77
73
70
66
63
33
20
17
26
23
32
50
49
49
42
44
50
55
59
51
46
25
3
-6
-37
-62
-93
-129
-155
-171
-196
-211
-232
-238
-251
-246
-247
-252
-247
-240
-220
-188
-173
-152
-116
-111
-85
-48
-39
-25
-4
-3
9
24
31
44
38
48
56
66
78
105
116
120
129
159
185
200
210
215
223
223
228
219
227
216
206
206
201
182
171
158
148
137
115
89
71
59
52
43
24
14
8
-14
-9
-30
-46
-52
-79
-105
-123
-142
-172
-188
-204
-226
-227
-229
-225
-216
-221
-204
-205
-190
-173
-159
-149
-134
-104
-80
-56
-38
-9
6
32
53
41
59
80
84
98
105
122
113
129
151
159
164
183
210
220
250
270
290
269
265
261
271
277
244
213
168
136
117
96
73
34
-10
-50
-64
-74
-86
-92
-124
-161
-173
-157
-147
-140
-132
-141
-147
-138
-119
-98
-90
-90
-101
-93
-89
-58
-49
-48
-35
-50
-37
-15
-7
-6
-15
-19
-13
1
3
12
28
23
23
32
41
58
46
50
38
18
24
29
16
-4
-20
-25
-21
-28
-35
-40
-48
-65
-61
-61
-66
-80
-81
-92
-86
-88
-103
-89
-94
-88
-87
-75
-73
-72
-78
-76
-83
-88
-75
-78
-94
-91
-90
-85
-66
-51
-33
-33
-38
-18
-7
-1
23
13
27
43
18
24
34
24
19
28
17
14
18
11
10
4
17
24
5
10
4
1
-9
-11
-22
-28
-26
-9
-7
-5
14
4
2
-9
-5
-5
-12
-10
-9
-5
-7
-7
-12
-23
-24
-25
-25
-22
-13
10
11
4
9
16
14
7
11
-1
-5
-3
-2
7
2
-4
7
4
2
3
0
5
0
-3
-10
-6
-22
-16
6
4
2
-11
-19
-29
-25
-30
-45
-55
-54
-51
-47
-38
-49
-50
-66
-67
-65
-62
-61
-49
-46
-41
-33
-26
-15
-8
3
9
21
30
32
41
50
46
34
42
36
47
56
65
74
70
76
81
84
92
99
92
108
118
117
127
122
122
129
115
104
94
96
91
82
60
49
44
32
9
8
-13
-38
-54
-68
-72
-75
-71
-87
-93
-84
-94
-91
-93
-103
-94
-87
-81
-84
-80
-71
-60
-46
-33
-18
-7
15
19
42
53
53
66
64
69
70
78
87
79
78
90
99
101
86
83
91
81
85
69
64
63
49
35
13
7
-3
-11
-12
-29
-27
-50
-57
-48
-56
-52
-60
-55
-63
-69
-80
-63
-64
-76
-69
-61
-59
-56
-41
-35
-13
-8
-3
-9
3
5
11
22
26
44
56
62
63
61
67
76
81
79
94
94
94
108
108
106
105
99
87
96
103
100
121
119
116
118
114
109
97
93
78
51
46
33
4
-7
-19
-33
-39
-52
-55
-68
-67
-86
-74
