SAMPLES:	4271
BITSPERSAMPLE:	16
CHANNELS:	1
SAMPLERATE:	16000
NORMALIZED:	FALSE
-88
-90
-84
-83
-83
-72
-71
-66
-61
-78
-71
-69
-64
-68
-76
-71
-73
-68
-77
-80
-78
-77
-82
-73
-68
-63
-58
-72
-78
-72
-75
-92
-93
-92
-88
-83
-89
-86
-95
-84
-90
-93
-101
-93
-91
-99
-96
-103
-91
-91
-88
-87
-73
-66
-61
-64
-67
-63
-63
-77
-74
-74
-84
-94
-99
-98
-101
-108
-96
-103
-118
-102
-110
-90
-74
-81
-69
-64
-54
-39
-47
-53
-61
-65
-60
-56
-57
-60
-62
-73
-63
-64
-76
-75
-87
-89
-93
-108
-106
-99
-106
-118
-120
-108
-112
-124
-129
-120
-116
-110
-101
-100
-100
-80
-73
-78
-57
-50
-41
-33
-31
-25
-25
-25
-10
-10
-3
-17
-34
-28
-22
-32
-55
-70
-81
-86
-77
-97
-101
-99
-107
-103
-110
-115
-120
-114
-119
-120
-120
-118
-117
-107
-111
-121
-121
-117
-124
-131
-120
-117
-109
-102
-86
-79
-62
-46
-44
-41
-40
-48
-65
-56
-41
-44
-49
-60
-52
-55
-66
-62
-62
-76
-91
-95
-99
-111
-97
-102
-87
-81
-87
-82
-76
-82
-98
-94
-89
-94
-97
-84
-97
-92
-90
-107
-111
-102
-99
-92
-91
-86
-67
-79
-67
-53
-47
-43
-53
-53
-52
-62
-68
-61
-70
-58
-54
-61
-59
-65
-66
-74
-71
-76
-76
-80
-76
-81
-77
-69
-65
-47
-60
-55
-65
-68
-67
-67
-55
-50
-46
-52
-39
-43
-61
-52
-46
-47
-38
-44
-43
-36
-51
-32
-41
-33
-23
-32
-36
-26
-24
-17
-21
-29
-36
-35
-38
-44
-39
-37
-41
-49
-51
-46
-35
-52
-50
-48
-43
-44
-37
-33
-38
-40
-56
-51
-58
-52
-56
-56
-42
-52
-41
-43
-35
-28
-33
-20
-5
-3
0
5
8
12
15
27
22
41
59
54
65
62
67
55
55
57
42
40
13
10
-13
-19
-22
-25
-38
-41
-47
-65
-64
-73
-75
-87
-74
-78
-85
-87
-78
-71
-76
-86
-78
-76
-80
-76
-80
-71
-77
-76
-81
-75
-75
-83
-66
-68
-63
-65
-66
-48
-37
-23
-2
-7
-7
-7
-8
10
20
38
63
80
95
119
119
115
127
147
130
134
113
94
62
45
37
3
-30
-66
-83
-101
-107
-128
-129
-129
-127
-128
-125
-107
-88
-80
-71
-52
-39
-24
-39
-24
-14
-19
-9
-7
-9
6
9
-1
10
1
4
9
20
30
34
41
56
58
52
40
18
33
13
-8
-37
-62
-86
-97
-103
-116
-118
-126
-129
-143
-142
-141
-139
-124
-101
-90
-80
-56
-29
-17
2
24
39
70
99
124
143
166
192
218
244
254
256
261
260
259
245
228
211
167
141
121
67
20
-7
-28
-62
-112
-126
-135
-162
-166
-165
-160
-166
-153
-133
-111
-133
-111
-73
-74
-77
-71
-25
-23
-30
-27
-15
-26
-11
14
21
10
4
30
34
22
34
36
12
5
-14
-31
-61
-70
-59
-81
-102
-103
-95
-94
-108
-86
-62
-63
-47
-9
14
31
79
114
164
192
236
277
297
316
318
301
282
278
252
214
177
130
95
46
9
-15
-55
-91
-93
-123
-142
-133
-147
-145
-149
-154
-132
-138
-126
-93
-93
-90
-89
-83
-99
-107
-103
-94
-100
-94
-83
-72
-57
-51
-28
-3
-5
-2
5
2
-24
-41
-52
-66
-89
-108
-127
-154
-170
-186
-212
-217
-208
-203
-179
-162
-114
-56
4
73
153
227
306
373
487
536
540
580
620
629
598
539
491
428
335
260
188
73
0
-64
-90
-175
-261
-262
-258
-266
-270
-248
-216
-211
-194
-143
-144
-172
-145
-94
-121
-162
-166
-140
-143
-175
-144
-123
-131
-79
-32
2
28
57
149
206
219
262
277
294
305
296
291
239
218
194
122
11
-62
-124
-194
-283
-371
-424
-496
-537
-536
-550
-572
-553
-534
-506
-481
-436
-357
-304
-255
-187
-131
-52
22
100
183
232
306
391
462
533
646
703
728
746
790
816
780
741
711
631
545
463
379
266
132
36
-56
-201
-321
-371
-407
-465
-523
-548
-541
-545
-522
-462
-451
-435
-378
-324
-288
-254
-209
-141
-120
-107
-71
-39
-7
41
86
123
127
162
241
281
312
354
376
389
395
387
384
346
279
236
140
28
-59
-170
-265
-379
-481
-561
-648
-698
-716
-737
-755
-734
-691
-621
-552
-454
-338
-250
-133
4
116
231
355
461
579
653
742
842
908
952
968
958
958
954
929
853
777
694
594
497
385
290
187
74
-3
-122
-243
-307
-373
-429
-484
-548
-565
-585
-591
-554
-550
-538
-510
-461
-401
-390
-356
-272
-225
-181
-130
-58
20
76
147
204
239
295
371
427
436
461
471
477
479
442
410
358
269
190
85
-35
-146
-255
-360
-477
-584
-678
-739
-773
-805
-823
-817
-778
-729
-638
-552
-454
-324
-194
-48
69
210
366
513
634
751
857
937
1051
1126
1130
1117
1118
1102
1068
965
883
780
631
514
411
260
124
8
-90
-194
-341
-408
-454
-523
-568
-622
-651
-666
-684
-642
-624
-639
-619
-565
-522
-485
-450
-382
-297
-257
-193
-111
-57
34
122
178
238
292
370
460
484
508
524
518
518
463
404
329
213
114
4
-145
-258
-387
-524
-626
-745
-833
-874
-918
-927
-910
-892
-834
-750
-643
-514
-393
-240
-86
61
233
382
515
682
805
917
1025
1096
1188
1237
1225
1217
1197
1159
1083
952
869
740
593
465
340
178
39
-88
-178
-318
-459
-532
-587
-666
-710
-758
-774
-779
-787
-739
-743
-752
-694
-615
-565
-504
-442
-362
-299
-250
-156
-78
-2
103
184
255
320
357
446
503
508
538
538
518
474
423
338
249
126
7
-126
-283
-401
-529
-638
-739
-854
-919
-956
-1001
-976
-942
-892
-811
-739
-611
-464
-340
-176
-20
126
304
449
582
728
862
984
1108
1179
1284
1349
1356
1370
1346
1313
1261
1148
1027
911
750
601
466
277
116
-53
-208
-320
-505
-625
-715
-787
-841
-902
-940
-916
-922
-906
-844
-823
-779
-699
-646
-569
-500
-422
-319
-246
-188
-97
-14
102
193
246
338
379
433
529
564
562
565
526
520
466
393
322
204
53
-80
-235
-383
-518
-666
-776
-881
-983
-1035
-1083
-1090
-1055
-1027
-958
-860
-763
-609
-457
-326
-154
4
165
321
463
606
766
882
1020
1104
1186
1310
1385
1460
1508
1492
1465
1470
1438
1388
1224
1056
927
751
559
367
150
-32
-231
-421
-560
-755
-888
-932
-1008
-1082
-1124
-1140
-1090
-1033
-985
-915
-863
-788
-663
-570
-468
-378
-294
-176
-89
-40
41
95
221
316
345
390
437
465
542
556
502
490
439
415
349
238
148
29
-116
-223
-366
-522
-617
-739
-829
-911
-1041
-1050
-1042
-1018
-980
-967
-892
-776
-674
-539
-404
-303
-136
28
172
309
431
565
711
801
904
1008
1093
1205
1305
1386
1505
1579
1606
1582
1558
1546
1490
1323
1137
978
754
525
310
79
-152
-385
-577
-710
-912
-1069
-1137
-1195
-1252
-1295
-1294
-1236
-1211
-1117
-1003
-915
-806
-666
-577
-484
-379
-277
-147
-36
18
105
172
284
413
452
497
524
549
614
630
592
561
490
435
362
219
97
-16
-172
-309
-490
-629
-735
-840
-930
-991
-1085
-1126
-1088
-1061
-1009
-979
-904
-779
-659
-548
-413
-297
-154
2
125
239
323
431
542
613
683
768
851
957
1059
1153
1251
1351
1459
1583
1687
1735
1715
1662
1654
1605
1445
1186
959
724
434
97
-216
-513
-727
-979
-1145
-1294
-1476
-1535
-1477
-1436
-1387
-1372
-1246
-1063
-929
-800
-653
-550
-415
-316
-243
-134
-77
15
96
98
98
151
192
330
373
365
417
450
477
535
503
493
453
372
334
233
58
-33
-172
-323
-494
-699
-813
-912
-1043
-1118
-1165
-1241
-1182
-1134
-1073
-995
-924
-772
-593
-474
-306
-168
-35
127
222
297
392
440
530
569
543
576
594
615
701
754
840
970
1056
1200
1347
1472
1636
1720
1701
1703
1696
1665
1559
1293
1067
827
493
179
-117
-462
-711
-1004
-1177
-1310
-1495
-1519
-1437
-1394
-1290
-1222
-1088
-869
-733
-566
-416
-343
-211
-90
-91
-44
-30
3
58
41
19
65
73
172
239
242
281
312
363
467
463
447
443
369
339
259
99
-12
-151
-323
-456
-674
-834
-927
-1062
-1153
-1223
-1313
-1274
-1231
-1147
-1054
-990
-833
-638
-486
-309
-153
-34
122
214
275
340
338
379
419
393
383
384
404
471
514
556
686
809
967
1131
1271
1415
1614
1726
1797
1754
1709
1674
1577
1348
1073
806
529
210
-132
-451
-746
-990
-1190
-1301
-1457
-1531
-1523
-1421
-1329
-1229
-1148
-962
-805
-657
-538
-436
-342
-237
-192
-170
-153
-156
-127
-98
-128
-125
-104
-41
83
116
148
206
287
381
438
429
437
404
380
334
212
47
-34
-170
-340
-540
-733
-858
-949
-1082
-1161
-1241
-1277
-1202
-1131
-1050
-947
-825
-635
-449
-330
-180
-54
67
173
235
238
261
270
284
279
235
258
291
342
408
476
588
727
869
1069
1222
1389
1567
1748
1868
1934
1922
1896
1848
1727
1489
1195
940
649
374
25
-310
-585
-826
-1031
-1170
-1329
-1417
-1418
-1365
-1285
-1205
-1151
-989
-831
-711
-619
-552
-493
-390
-382
-372
-351
-358
-314
-279
-301
-293
-247
-183
-61
-21
44
120
198
289
370
365
381
355
319
287
162
25
-79
-221
-371
-537
-716
-817
-911
-1032
-1109
-1160
-1188
-1125
-1062
-975
-874
-747
-588
-439
-318
-164
-49
42
119
172
174
174
155
151
134
124
124
179
245
334
441
549
713
885
1048
1248
1411
1581
1752
1888
1963
1952
1886
1838
1758
1571
1337
1060
803
505
166
-156
-458
-684
-877
-1054
-1157
-1277
-1340
-1314
-1251
-1188
-1139
-1058
-909
-804
-718
-650
-582
-520
-457
-451
-453
-429
-401
-351
-321
-327
-327
-259
-166
-85
-49
17
107
166
244
284
289
310
283
248
187
71
-26
-109
-244
-368
-515
-644
-738
-808
-883
-935
-973
-969
-907
-841
-791
-709
-602
-481
-358
-241
-136
-62
7
49
81
75
67
64
53
64
72
107
164
232
336
475
611
777
945
1098
1263
1441
1609
1778
1888
1919
1879
1814
1758
1639
1401
1164
937
657
382
88
-199
-437
-634
-814
-940
-1091
-1192
-1189
-1145
-1104
-1090
-1062
-928
-839
-767
-692
-638
-586
-533
-516
-503
-487
-460
-416
-394
-427
-409
-354
-272
-160
-104
-61
10
89
161
223
234
246
250
223
188
115
13
-65
-151
-260
-391
-508
-597
-662
-751
-811
-851
-882
-849
-817
-771
-705
-636
-539
-408
-329
-246
-158
-114
-88
-76
-82
-75
-93
-94
-85
-64
-16
66
164
272
419
565
744
945
1148
1312
1470
1605
1712
1796
1803
1767
1715
1632
1543
1380
1129
890
676
417
139
-143
-394
-573
-750
-875
-990
-1095
-1118
-1075
-1050
-1007
-997
-933
-808
-723
-659
-595
-549
-479
-426
-428
-407
-376
-350
-320
-327
-330
-261
-202
-106
-19
36
95
183
253
319
359
379
388
366
337
280
194
103
36
-76
-208
-329
-440
-519
-623
-715
-779
-826
-838
-802
-773
-714
-640
-570
-462
-368
-287
-233
-154
-133
-114
-87
-85
-70
-78
-55
-24
16
105
203
310
447
613
779
960
1137
1318
1454
1598
1700
1803
1874
1842
1800
1755
1665
1540
1305
1050
855
625
353
106
-147
-360
-552
-727
-850
-992
-1074
-1078
-1037
-1034
-1016
-979
-871
-776
-726
-644
-582
-524
-465
-465
-445
-417
-387
-331
-309
-327
-301
-242
-157
-53
-9
30
116
205
286
343
371
399
409
389
354
288
202
138
40
-99
-234
-345
-445
-546
-649
-728
-796
-810
-816
-809
-769
-711
-622
-536
-445
-360
-264
-185
-125
-101
-90
-89
-89
-89
-81
-76
-59
1
80
199
333
497
653
845
1031
1219
1376
1498
1606
1669
1740
1772
1765
1724
1654
1560
1424
1209
989
789
552
300
54
-187
-389
-573
-744
-870
-999
-1071
-1060
-1057
-1041
-1008
-945
-841
-767
-704
-638
-583
-523
-458
-448
-449
-419
-391
-352
-308
-296
-243
-162
-70
21
88
140
236
345
416
472
499
517
514
496
452
376
290
210
110
-27
-174
-291
-391
-474
-573
-668
-720
-734
-723
-703
-682
-641
-564
-478
-394
-302
-219
-120
-80
-41
10
26
46
46
33
31
56
100
165
249
351
481
605
747
913
1085
1286
1434
1578
1697
1818
1893
1878
1836
1787
1702
1589
1401
1185
1003
781
565
322
71
-149
-331
-508
-652
-790
-891
-895
-882
-885
-875
-856
-776
-704
-660
-608
-552
-519
-466
-444
-457
-425
-384
-346
-313
-308
-285
-220
-135
-40
22
85
173
258
349
395
431
459
470
462
435
381
311
228
104
-15
-152
-293
-406
-498
-591
-706
-789
-838
-854
-842
-807
-776
-708
-600
-510
-402
-304
-220
-151
-108
-73
-38
-13
-15
-25
-40
-28
17
99
203
333
476
624
788
965
1146
1308
1422
1512
1610
1668
1731
1750
1715
1671
1604
1528
1382
1200
1023
839
650
413
190
0
-183
-352
-482
-589
-708
-771
-772
-755
-756
-753
-707
-639
-563
-514
-471
-415
-374
-346
-318
-316
-289
-250
-237
-218
-208
-180
-104
-14
71
144
206
283
378
444
498
525
552
543
510
467
401
330
238
127
-10
-151
-266
-364
-472
-587
-699
-781
-834
-848
-840
-810
-775
-702
-615
-531
-427
-316
-240
-173
-118
-78
-27
-19
-11
-8
-13
-13
23
84
179
292
398
540
690
856
1051
1213
1356
1475
1569
1650
1695
1702
1694
1636
1577
1527
1425
1255
1059
874
664
455
223
20
-137
-287
-434
-569
-675
-749
-769
-753
-755
-723
-688
-626
-556
-514
-457
-413
-388
-364
-343
-344
-335
-315
-296
-286
-278
-263
-183
-95
-1
82
144
221
310
378
431
448
473
493
483
454
390
328
251
146
16
-130
-261
-362
-473
-595
-699
-793
-825
-857
-854
-851
-816
-756
-687
-598
-511
-418
-321
-258
-198
-165
-137
-124
-109
-103
-116
-120
-111
-71
-30
43
125
249
371
507
674
850
991
1126
1226
1311
1403
1475
1503
1421
1328
1310
1261
1152
989
811
621
431
222
24
-177
-339
-474
-615
-724
-823
-877
-882
-843
-838
-803
-766
-681
-596
-543
-466
-410
-345
-282
-262
-244
-213
-166
-127
-86
-67
-23
64
154
237
305
357
440
527
588
635
644
649
647
613
556
489
406
307
179
13
-152
-283
-388
-497
-639
-770
-862
-927
-977
-976
-980
-985
-942
-895
-808
-727
-625
-520
-454
-378
-323
-274
-250
-221
-192
-205
-207
-221
-188
-155
-102
-29
42
123
241
393
550
706
871
1034
1172
1322
1447
1514
1496
1416
1310
1193
1066
905
713
532
358
153
-52
-215
-394
-507
-635
-755
-842
-883
-873
-857
-834
-814
-779
-716
-650
-585
-538
-500
-452
-428
-413
-409
-408
-376
-340
-317
-294
-262
-188
-100
-40
11
96
166
247
321
394
432
462
470
442
409
364
306
233
111
-31
-152
-282
-394
-521
-648
-775
-876
-935
-986
-1013
-1018
-994
-951
-899
-813
-715
-593
-496
-405
-304
-237
-171
-134
-101
-83
-72
-71
-57
-37
-34
-11
38
91
158
258
388
526
650
779
902
1033
1163
1286
1376
1430
1421
1356
1265
1158
1022
868
691
521
349
140
-48
-228
-415
-547
-697
-798
-884
-925
-936
-914
-888
-883
-830
-753
-680
-637
-601
-560
-533
-497
-482
-482
-465
-437
-411
-406
-384
-373
-324
-254
-191
-146
-78
-4
92
178
218
251
297
319
316
297
248
184
122
37
-79
-198
-321
-422
-547
-674
-812
-918
-988
-1064
-1096
-1112
-1115
-1097
-1045
-972
-895
-797
-706
-623
-534
-462
-376
-301
-265
-221
-196
-179
-154
-133
-115
-100
-74
-43
6
61
153
254
353
474
579
719
849
961
1063
1118
1133
1110
1055
977
927
822
708
564
418
289
125
-31
-165
-300
-411
-516
-602
-660
-713
-717
-706
-715
-716
-676
-613
-576
-537
-516
-482
-447
-432
-417
-404
-395
-367
-322
-301
-274
-257
-201
-131
-69
-10
71
156
239
319
379
426
470
494
501
487
448
411
358
261
145
38
-92
-198
-317
-445
-552
-659
-739
-810
-863
-899
-912
-905
-911
-868
-813
-734
-670
-612
-534
-447
-383
-333
-277
-242
-215
-203
-181
-155
-139
-120
-117
-126
-100
-47
10
75
154
250
365
486
601
706
807
930
1004
1082
1095
1056
1018
950
867
805
694
533
412
278
132
-17
-148
-257
-354
-445
-509
-570
-610
-580
-576
-570
-531
-483
-436
-421
-393
-385
-360
-343
-349
-352
-336
-327
-307
-303
-282
-274
-228
-173
-122
-68
-19
38
91
159
219
268
330
330
320
326
314
315
253
179
108
16
-82
-184
-281
-404
-522
-640
-737
-837
-917
-968
-1004
-1046
-1058
-1040
-1011
-960
-905
-844
-785
-704
-621
-560
-495
-422
-360
-322
-272
-236
-206
-161
-118
-95
-80
-49
13
78
139
217
305
408
505
617
727
821
904
984
1041
1094
1096
1070
1014
952
865
745
592
449
320
164
7
-128
-250
-363
-453
-536
-603
-654
-675
-659
-638
-621
-601
-559
-512
-482
-442
-409
-380
-376
-370
-383
-385
-383
-397
-406
-415
-421
-409
-370
-320
-292
-235
-153
-87
6
89
169
248
307
362
405
462
507
532
541
489
437
345
246
135
9
-124
-253
-338
-421
-494
-547
-582
-600
-599
-594
-555
-510
-439
-350
-262
-199
-124
-39
6
51
102
146
168
184
209
210
214
204
212
220
221
255
290
321
365
414
476
531
612
699
783
860
945
1038
1111
1163
1135
1102
1059
998
927
843
727
635
527
405
292
189
120
47
-42
-109
-154
-192
-203
-200
-214
-220
-212
-188
-184
-180
-185
-184
-176
-168
-167
-164
-159
-142
-115
-124
-96
-75
-34
14
68
122
177
228
290
346
403
443
449
455
429
401
373
352
302
229
167
95
19
-56
-136
-215
-302
-391
-450
-501
-553
-602
-652
-686
-705
-694
-671
-660
-622
-588
-546
-498
-440
-381
-314
-262
-219
-188
-159
-122
-87
-53
-34
-30
-17
19
45
74
111
153
228
291
356
421
480
521
566
592
631
680
697
705
712
724
752
739
732
729
705
667
613
549
484
415
336
274
174
93
7
-57
-145
-227
-273
-332
-374
-400
-407
-411
-409
-400
-384
-357
-347
-303
-257
-238
-200
-151
-122
-106
-90
-63
-33
-16
8
31
35
44
71
124
149
162
193
205
208
225
228
220
209
192
175
155
120
104
67
13
-37
-70
-128
-182
-242
-282
-324
-378
-396
-414
-432
-436
-424
-404
-391
-366
-336
-295
-270
-234
-209
-224
-236
-249
-217
-188
-168
-128
-114
-112
-77
-43
11
57
91
133
180
206
245
304
335
364
388
416
454
490
532
566
602
621
623
657
682
696
701
699
690
650
586
505
425
371
309
206
104
2
-86
-164
-228
-278
-337
-367
-393
-403
-401
-382
-357
-355
-340
-296
-270
-218
-184
-153
-134
-136
-126
-116
-95
-101
-105
-113
-120
-120
-102
-94
-99
-115
-116
-108
-98
-55
-43
-51
-57
-73
-67
-85
-78
-106
-144
-195
-228
-245
-293
-328
-347
-414
-456
-490
-505
-497
-500
-478
-474
-457
-418
-367
-345
-316
-301
-277
-269
-265
-267
-248
-250
-253
-248
-261
-253
-239
-234
-223
-215
-182
-146
-106
-63
-31
4
39
69
96
133
176
209
248
298
320
381
424
476
541
583
654
718
748
761
745
728
740
697
690
612
551
459
350
259
201
113
45
-75
-157
-237
-287
-307
-373
-392
-465
-463
-452
-432
-391
-369
-356
-313
-289
-232
-216
-164
-140
-136
-111
-90
-59
-52
-37
-51
-65
-42
-28
-17
11
8
14
7
19
36
38
45
38
20
20
1
-7
-44
-69
-106
-137
-154
-198
-223
-248
-278
-293
-297
-294
-277
-271
-264
-258
-242
-234
-229
-229
-223
-225
-214
-209
-217
-228
-225
-253
-262
-257
-258
-256
-251
-232
-212
-188
-183
-146
-120
-85
-50
-17
9
51
107
145
179
190
222
256
291
317
349
371
427
465
519
576
643
688
711
704
707
697
667
657
589
559
457
369
293
231
161
89
-23
-119
-185
-209
-265
-300
-344
-397
-393
-372
-317
-275
-247
-246
-219
-181
-127
-79
-31
-28
-1
22
44
74
75
82
74
67
88
102
101
98
94
100
88
105
132
140
150
133
149
151
137
137
122
95
55
39
5
-18
-41
-67
-87
-100
-107
-120
-134
-135
-127
-133
-112
-100
-92
-73
-65
-48
-43
-24
-6
-4
8
36
57
59
65
62
37
17
-10
-28
-45
-71
-93
-103
-96
-85
-81
-72
-74
-53
-19
-9
18
49
67
100
123
152
197
204
230
250
307
352
412
461
488
489
485
504
449
499
468
446
417
356
344
322
299
279
190
129
98
67
92
46
27
-27
-62
-48
-40
-12
-6
-20
-11
-14
14
36
50
52
21
21
38
59
63
65
55
35
37
53
58
51
47
53
54
69
98
111
126
141
162
180
205
224
214
203
186
196
194
161
138
118
76
81
47
10
-11
-54
-45
-22
27
97
172
232
286
340
382
409
414
406
409
401
374
353
334
300
288
254
234
225
207
173
138
105
84
67
37
0
-38
-56
-64
-70
-51
-32
-32
-13
13
45
58
65
93
135
186
231
252
290
308
338
323
335
311
325
303
279
255
194
168
162
148
106
90
29
17
-19
-20
-51
-49
-82
-114
-110
-103
-79
-76
-86
-101
-97
-101
-69
-50
-36
-33
-12
10
23
43
57
53
37
33
62
61
53
69
62
39
48
63
64
57
60
70
75
84
87
83
82
77
87
89
71
67
46
46
47
38
32
37
37
30
7
13
10
-10
-18
-29
-43
-52
-62
-79
-91
-107
-126
-137
-160
-154
-152
-154
-145
-145
-131
-134
-114
-100
-78
-61
-48
-23
4
27
68
89
99
125
149
168
177
205
216
240
259
285
298
318
326
333
349
350
363
375
378
376
370
373
358
341
331
302
265
226
191
152
135
100
78
40
2
-14
-59
-65
-78
-81
-96
-109
-118
-124
-129
-116
-114
-125
-127
-140
-133
-134
-138
-145
-137
-150
-155
-164
-174
-180
-193
-201
-218
-234
-237
-239
-259
-256
-247
-248
-244
-221
-206
-178
-138
-108
-94
-86
-82
-96
-112
-135
-160
-169
-186
-191
-190
-166
-146
-132
-113
-97
-75
-58
-56
-49
-45
-43
-30
-32
-28
-8
-1
6
11
37
65
115
146
161
203
225
249
265
265
249
265
246
228
203
168
152
136
127
104
66
43
25
1
15
14
23
8
13
35
45
77
81
85
93
102
119
139
134
138
147
143
148
155
157
152
156
138
153
160
151
149
129
138
130
123
123
105
92
106
111
130
135
147
149
159
173
177
206
201
211
219
236
231
236
221
232
229
235
239
218
216
202
209
197
190
191
183
181
170
160
163
146
133
123
114
117
103
89
57
29
25
3
-4
-10
-13
-13
-27
-32
-24
-17
-4
3
1
8
1
4
2
17
15
9
9
-5
-11
-7
-18
-24
-22
-22
-30
-29
-19
-36
-18
-38
-19
-17
-19
-8
-12
1
8
-1
-6
7
10
1
-10
4
13
22
10
18
19
17
20
13
16
14
17
22
17
30
41
25
19
3
9
1
-2
-5
-12
0
-17
-10
-20
-25
-21
-25
-40
-62
-63
-60
-70
-61
-53
-54
-57
-76
-66
-70
-63
-47
-44
-43
-37
-31
-31
-31
-13
-13
-10
-8
-10
-7
-6
-9
0
0
-8
-28
-27
-1
-18
-13
-14
-26
-29
-25
-11
12
10
4
4
