SAMPLES:	6452
BITSPERSAMPLE:	16
CHANNELS:	1
SAMPLERATE:	16000
NORMALIZED:	FALSE
6
-12
-22
-22
-26
-21
-36
-23
-29
-25
-3
-8
-14
-28
-33
-37
-44
-58
-46
-42
-38
-15
-8
16
34
36
27
25
1
-10
-10
-24
-21
-21
6
15
12
25
13
9
2
-1
-1
-7
-4
-16
-5
-9
1
5
7
6
11
17
6
3
-6
-15
-20
-20
-8
-2
-9
-4
5
-1
-2
5
-18
-20
-8
-1
-6
-7
-13
-11
-21
-19
-27
-23
-25
-41
-29
-27
-17
-16
-21
-33
-30
-32
-50
-41
-28
-15
-8
-15
16
19
15
27
24
25
10
10
1
-14
-28
-46
-64
-53
-49
-42
-39
-45
-24
-19
-7
-1
-16
-7
-33
-52
-28
-33
-39
-24
-8
6
1
3
-9
-18
-20
-37
-32
-10
3
-6
3
12
6
0
-14
-19
-32
-43
-44
-59
-55
-60
-75
-49
-23
-16
12
16
17
19
15
20
5
-18
-32
-33
-40
-42
-46
-44
-56
-45
-57
-66
-65
-63
-65
-58
-47
-37
-34
-23
-12
-17
-21
-26
-41
-40
-40
-50
-26
-19
1
9
20
29
15
5
6
-11
-22
-29
-42
-35
-33
-43
-31
-10
1
2
-5
-7
-17
-5
-12
-15
-24
-29
-16
-23
-17
-15
-18
-9
-4
9
10
8
-1
-3
-3
-17
-19
-27
-32
-39
-48
-44
-39
-31
-17
-4
0
12
26
40
30
14
-6
-22
-52
-59
-62
-78
-73
-69
-49
-34
-24
-11
0
17
18
32
24
6
-14
-16
-22
-33
-36
-45
-38
-33
-24
-25
-26
-26
-17
-22
-18
-27
-22
-8
-10
-4
-15
-26
-42
-48
-45
-44
-41
-37
-22
3
16
29
46
58
59
55
45
19
-7
-36
-51
-78
-83
-67
-43
-30
-16
7
22
15
8
25
21
16
19
7
-7
-11
-1
21
5
5
-1
-7
-8
-24
-15
-11
-25
-6
14
8
4
-3
9
14
14
-13
-21
-17
-14
-27
-27
-13
-3
14
16
28
42
38
25
1
-7
-18
-43
-19
-21
-9
-2
15
7
2
-8
-9
-12
-32
-22
-36
-22
-7
8
31
50
79
105
109
88
69
51
10
-37
-72
-91
-86
-79
-70
-38
-8
5
53
87
101
94
75
72
35
12
5
-5
-14
-6
-5
1
-5
-18
-8
-7
-22
-25
-26
-17
3
19
46
48
63
66
66
46
34
15
-15
-31
-45
-35
-28
-9
-7
3
7
-6
-2
-12
-15
0
1
7
12
38
36
44
57
41
42
28
36
32
3
0
9
30
36
49
47
40
52
35
20
7
-9
-19
-19
-6
11
15
18
40
43
56
55
39
31
25
22
23
16
17
18
20
32
26
40
31
31
27
19
27
20
17
24
32
35
35
42
43
36
26
24
13
12
14
14
12
16
29
45
48
46
47
52
49
50
33
32
27
24
25
23
30
30
35
21
27
22
15
12
5
3
1
2
6
10
7
6
-1
10
-3
14
5
-5
-7
8
17
19
25
18
29
40
40
36
40
38
26
17
26
19
18
21
24
48
58
39
28
7
4
-1
-8
-19
-11
4
16
31
55
71
74
70
73
66
45
23
14
-3
-17
-19
-18
-2
5
14
20
35
24
25
24
10
19
14
24
31
39
46
46
34
30
31
-9
-23
-36
-41
-43
-37
-23
-5
16
12
20
39
30
27
13
-11
-11
-17
-20
-20
-16
-9
-1
11
12
23
26
18
8
10
6
3
-7
2
-2
11
13
27
34
25
26
20
14
13
18
17
35
42
54
57
64
64
46
50
40
20
8
5
1
6
22
33
41
49
52
54
43
31
34
45
48
58
55
68
88
56
15
-24
-51
-58
-62
-74
-40
-5
23
70
90
112
129
85
83
55
27
0
-26
-20
-31
-23
-13
7
18
25
18
25
16
9
9
-9
13
6
15
37
41
19
18
-1
2
-30
-96
-104
-108
-101
-60
-51
-13
47
17
6
-10
-5
-6
-19
-33
-8
29
67
79
106
121
99
76
47
25
17
-6
-35
-20
0
39
28
0
19
13
-17
-27
-57
-75
-52
-27
-8
34
86
119
119
116
105
75
45
-6
-57
-89
-93
-68
-27
1
16
40
71
76
77
59
44
45
29
14
18
30
22
22
44
49
37
22
-1
-8
-27
-37
-28
-5
0
23
33
58
69
55
53
27
0
-26
-43
-48
-44
-25
-12
9
38
46
52
54
41
23
5
-7
-4
-1
-11
-6
13
24
25
24
27
27
13
8
-4
1
-4
9
25
22
27
37
11
-60
-96
-130
-144
-103
-69
-39
55
94
154
186
161
135
55
-8
-61
-115
-136
-155
-150
-101
-65
-1
35
56
72
72
92
90
62
46
33
44
62
71
66
63
49
41
33
21
11
-7
-1
14
34
50
79
97
113
119
110
90
49
3
-52
-82
-115
-132
-124
-88
-60
-28
11
43
66
64
46
27
26
3
-19
-20
-34
-38
-24
-1
5
12
13
34
57
85
121
143
149
124
104
86
30
-7
-47
-80
-42
-4
65
164
308
337
150
41
-57
-173
-192
-344
-445
-356
-291
-84
88
253
409
347
331
352
206
114
-110
-242
-297
-389
-323
-300
-310
-253
-263
-192
-87
-57
-13
9
87
185
221
295
288
203
155
86
50
14
-95
-155
-190
-176
-110
-34
53
158
249
339
426
470
326
36
-230
-423
-506
-520
-508
-458
-260
-35
216
405
524
520
400
229
95
-55
-194
-376
-554
-551
-481
-364
-210
-156
-89
-13
29
85
74
43
-16
-56
2
42
92
96
36
28
46
49
22
-25
-83
-149
-90
-20
18
78
68
105
135
111
188
217
137
57
-128
-180
-248
-334
-285
-303
-195
-33
-27
140
194
116
80
-72
-122
-172
-312
-340
-388
-355
-230
-152
17
94
134
147
85
90
57
-93
-136
-191
-216
-148
-84
14
69
63
59
-107
-393
-470
-464
-353
-102
15
166
429
562
644
614
504
371
144
-13
-156
-220
-225
-354
-393
-443
-480
-414
-471
-533
-462
-405
-245
-67
58
195
276
317
291
160
-33
-234
-373
-422
-377
-278
-142
30
171
279
337
355
270
120
-6
-91
-100
-44
-1
114
216
337
433
412
377
313
205
181
118
-21
-197
-471
-613
-641
-635
-497
-311
-179
109
306
467
569
492
345
46
-185
-292
-508
-553
-558
-556
-319
-207
-73
36
-14
-37
-140
-210
-216
-311
-314
-298
-235
-90
-21
45
69
17
-16
-82
-114
-131
-151
-125
-70
39
148
230
284
306
308
322
335
356
403
491
624
811
877
796
585
295
-47
-554
-1015
-1297
-1392
-1203
-892
-522
69
551
925
1135
1138
1041
700
285
-95
-458
-613
-730
-749
-548
-396
-174
23
85
133
76
-45
-97
-165
-177
-140
-70
71
157
228
291
224
136
-4
-147
-235
-346
-374
-337
-243
-77
50
158
246
243
212
118
33
-69
-211
-334
-514
-628
-713
-765
-654
-538
-388
-157
-32
130
203
152
91
-54
-193
-328
-449
-467
-464
-392
-251
-126
42
155
249
313
280
235
205
141
145
189
268
388
528
667
760
765
610
339
21
-314
-590
-761
-843
-771
-564
-306
-13
311
533
625
608
499
347
153
-37
-199
-318
-323
-275
-175
-48
22
71
50
5
-57
-150
-212
-265
-271
-204
-127
11
111
143
180
159
105
50
-59
-120
-182
-181
-137
-98
-1
44
68
91
36
-14
-93
-309
-486
-656
-824
-846
-885
-851
-612
-377
-124
133
301
395
375
286
126
-80
-278
-481
-565
-543
-478
-276
-60
163
397
552
641
706
667
560
528
504
518
632
690
710
644
440
200
-73
-346
-579
-758
-859
-803
-630
-332
-22
277
545
671
727
661
479
285
28
-192
-294
-382
-360
-266
-164
-45
38
63
58
31
-16
-76
-85
-1
77
182
271
322
355
329
223
108
-82
-208
-269
-368
-392
-398
-338
-151
-41
-28
-121
-188
-246
-341
-369
-411
-452
-366
-277
-169
-21
60
47
8
-53
-156
-232
-332
-421
-436
-411
-328
-184
-58
58
166
268
347
440
473
440
448
439
440
457
466
577
742
885
1081
1198
1114
927
512
105
-291
-779
-1177
-1486
-1429
-1149
-737
-183
291
804
1150
1201
1243
1018
659
289
-185
-439
-553
-624
-498
-398
-195
12
99
184
129
16
-65
-164
-160
-128
-80
28
98
196
278
268
223
135
-13
-114
-183
-208
-152
-81
11
106
204
272
250
188
99
-51
-160
-252
-331
-412
-458
-516
-589
-516
-404
-316
-187
-149
-135
-28
-4
-39
-111
-210
-340
-438
-462
-472
-441
-377
-320
-195
-28
100
232
289
304
340
344
313
259
178
118
137
253
431
601
878
1229
1436
1640
1711
1349
931
230
-672
-1315
-1915
-2206
-2110
-1742
-995
-197
609
1329
1702
1866
1708
1313
855
232
-336
-739
-1031
-957
-788
-575
-219
8
147
199
109
24
-125
-261
-286
-289
-127
92
243
436
470
436
363
146
-24
-206
-388
-410
-378
-211
3
144
340
415
427
381
177
-44
-303
-555
-713
-822
-782
-647
-487
-203
32
193
284
275
170
10
-210
-419
-574
-667
-697
-665
-548
-396
-246
-86
21
114
182
180
205
207
211
258
305
314
342
386
415
465
580
759
1005
1286
1493
1510
1507
1418
1048
386
-659
-1541
-1987
-2191
-2009
-1732
-1141
-208
582
1326
1832
2010
1872
1360
820
308
-265
-724
-1062
-1160
-933
-616
-243
85
190
214
159
90
46
-149
-262
-249
-184
68
274
415
491
369
278
185
45
-88
-290
-385
-354
-214
40
215
330
410
392
343
263
30
-309
-606
-777
-870
-791
-656
-560
-299
-57
81
245
260
123
-12
-231
-464
-606
-665
-735
-717
-605
-483
-261
-96
-1
105
169
212
252
248
242
262
264
296
399
478
514
325
64
103
176
485
1068
1323
1643
2050
1837
1335
619
-448
-1377
-2089
-2574
-2624
-2190
-1339
-431
516
1428
1975
2216
2039
1510
945
178
-527
-963
-1304
-1247
-961
-616
-155
206
431
467
331
149
-117
-349
-475
-484
-324
-111
156
420
541
563
496
273
59
-185
-433
-536
-528
-379
-194
10
238
401
479
473
317
30
-238
-530
-792
-895
-904
-788
-512
-213
26
239
354
271
112
-120
-444
-703
-874
-985
-915
-739
-543
-303
-71
97
189
226
183
90
18
-55
-76
-45
-4
103
240
371
480
566
645
750
898
1082
1335
1604
1633
1463
1213
706
27
-875
-1788
-2339
-2493
-2243
-1774
-1034
-46
830
1570
2052
2173
2011
1471
790
119
-551
-1038
-1313
-1357
-1127
-745
-303
107
358
461
393
287
176
-39
-195
-249
-219
-46
122
312
438
400
335
169
6
-113
-261
-349
-312
-146
71
254
413
513
498
414
267
33
-232
-505
-786
-946
-920
-805
-589
-331
-117
124
287
329
282
166
-40
-311
-504
-627
-682
-640
-593
-460
-286
-154
-20
66
89
117
116
98
134
134
95
86
163
229
307
422
540
694
883
1059
1277
1622
1841
1802
1625
1204
563
-261
-1340
-2228
-2709
-2763
-2380
-1743
-765
358
1294
2008
2380
2433
2111
1444
677
-83
-754
-1201
-1419
-1330
-988
-594
-160
212
421
467
343
189
40
-144
-218
-179
-12
205
377
538
598
508
335
90
-144
-338
-496
-537
-434
-181
83
314
508
585
565
390
57
-331
-695
-984
-1091
-1011
-827
-551
-193
130
359
502
460
261
25
-216
-499
-687
-782
-820
-711
-550
-373
-173
-9
54
86
120
146
136
140
148
121
201
284
346
410
477
538
601
726
930
1200
1521
1726
1697
1541
1162
494
-507
-1548
-2264
-2620
-2539
-2165
-1574
-562
514
1367
2033
2363
2351
1935
1234
508
-233
-892
-1322
-1523
-1358
-990
-539
-26
319
510
531
425
294
76
-144
-255
-271
-110
87
294
479
499
409
253
40
-150
-379
-559
-597
-495
-226
87
350
554
654
653
464
72
-340
-783
-1118
-1241
-1247
-1021
-640
-262
86
376
533
537
395
144
-173
-470
-705
-842
-848
-794
-652
-446
-239
-54
75
128
168
156
146
133
142
177
183
246
356
404
495
605
659
838
1022
1224
1541
1784
1802
1560
969
148
-837
-1707
-2281
-2615
-2460
-2046
-1369
-302
714
1531
2088
2221
2119
1703
1051
406
-316
-917
-1260
-1360
-1133
-786
-402
-33
224
427
500
397
281
98
-92
-138
-100
60
202
303
392
371
304
176
-34
-236
-407
-504
-441
-306
-69
203
404
606
692
658
422
19
-380
-737
-998
-1046
-1041
-903
-598
-292
17
314
457
405
283
94
-136
-364
-523
-673
-699
-621
-513
-334
-170
-64
2
48
91
137
148
183
210
242
263
314
415
475
503
523
646
842
1105
1454
1717
1870
1891
1599
966
-2
-1157
-2093
-2660
-2857
-2662
-2149
-1199
5
1077
1936
2488
2603
2323
1718
956
144
-661
-1289
-1655
-1674
-1389
-925
-379
64
370
527
578
517
341
109
-53
-82
-42
91
264
418
446
364
240
43
-175
-436
-667
-714
-602
-371
-45
295
577
802
888
844
664
259
-315
-828
-1217
-1371
-1260
-1109
-811
-347
68
414
648
633
463
157
-215
-545
-790
-919
-968
-887
-700
-431
-151
38
156
180
151
109
81
34
35
42
58
142
221
306
398
467
524
597
708
931
1194
1490
1708
1746
1686
1354
569
-537
-1642
-2408
-2768
-2804
-2569
-1946
-848
323
1314
2109
2529
2516
2124
1456
738
-46
-828
-1433
-1754
-1687
-1337
-851
-309
92
336
473
515
486
311
48
-80
-94
-6
161
309
444
439
335
205
14
-249
-512
-742
-817
-660
-362
-26
284
558
756
828
792
590
193
-325
-844
-1201
-1386
-1359
-1207
-999
-584
-189
138
431
504
408
214
-66
-310
-502
-664
-797
-856
-751
-593
-421
-252
-150
-54
17
74
177
236
226
217
238
264
293
326
380
448
493
583
747
1015
1427
1705
1766
1791
1634
1225
395
-904
-1983
-2601
-2906
-2799
-2459
-1676
-474
635
1606
2347
2652
2571
2024
1292
576
-269
-1003
-1540
-1773
-1601
-1249
-728
-186
163
388
449
447
422
187
-33
-113
-87
66
256
472
579
526
415
223
-19
-288
-627
-836
-852
-678
-352
-5
328
628
839
936
870
666
303
-202
-676
-1023
-1231
-1294
-1218
-1048
-716
-290
42
322
511
507
351
114
-163
-404
-623
-816
-939
-902
-748
-597
-410
-252
-133
-27
32
104
150
147
132
112
140
136
125
114
107
152
277
400
590
774
919
1192
1505
1709
1842
1755
1552
1139
-62
-1440
-2364
-3006
-3079
-2915
-2626
-1572
-271
890
1961
2613
2895
2685
1996
1322
500
-395
-1188
-1806
-1949
-1744
-1342
-732
-252
59
287
355
434
343
100
-48
-87
48
252
460
662
712
588
416
168
-134
-531
-927
-1141
-1146
-923
-551
-163
254
659
920
1073
1011
779
311
-285
-804
-1244
-1471
-1570
-1551
-1265
-822
-339
156
486
699
701
465
178
-141
-497
-832
-1108
-1199
-1082
-890
-661
-434
-216
-47
78
153
177
170
140
107
94
123
112
75
29
-2
21
101
207
352
525
721
908
1209
1520
1682
1842
1870
1724
1222
-142
-1599
-2466
-3026
-3084
-2986
-2700
-1548
-198
972
2087
2749
2970
2692
1990
1349
565
-415
-1262
-1907
-2043
-1828
-1441
-832
-395
-81
167
309
496
467
221
115
136
297
501
624
738
662
444
237
-36
-354
-745
-1129
-1296
-1190
-852
-428
-36
383
756
995
1074
917
561
57
-536
-1042
-1363
-1518
-1503
-1349
-1009
-567
-123
228
437
514
402
191
-76
-325
-557
-779
-944
-968
-860
-751
-642
-495
-362
-227
-88
29
149
243
281
299
313
297
234
126
34
-31
-7
88
220
416
685
884
1115
1456
1663
1753
1881
1805
1501
777
-727
-1955
-2535
-2926
-2891
-2749
-2248
-933
344
1436
2405
2846
2896
2467
1754
1109
238
-710
-1517
-2015
-1983
-1695
-1229
-645
-266
28
272
444
563
448
236
146
154
296
448
545
606
479
288
117
-113
-419
-806
-1110
-1160
-987
-641
-283
71
441
725
913
926
694
312
-175
-694
-1057
-1329
-1470
-1383
-1196
-827
-360
25
308
489
469
322
110
-139
-389
-635
-840
-950
-898
-750
-617
-475
-323
-162
-11
93
216
297
349
370
343
324
244
116
-54
-169
-191
-143
61
305
579
843
1074
1373
1631
1783
1815
1772
1755
1403
329
-1153
-2266
-2727
-2786
-2728
-2613
-1838
-492
712
1756
2557
2912
2788
2215
1525
878
27
-879
-1585
-1915
-1809
-1428
-923
-423
-80
133
346
543
612
394
200
186
248
400
570
700
715
526
283
71
-196
-544
-969
-1253
-1232
-961
-570
-174
249
635
916
1049
963
671
252
-305
-813
-1143
-1349
-1404
-1293
-1015
-625
-228
93
331
414
355
168
-66
-272
-458
-642
-781
-771
-676
-555
-456
-340
-238
-144
-66
1
89
164
198
197
202
196
171
75
-37
-92
-143
-88
93
300
539
809
1031
1284
1525
1698
1789
1769
1777
1738
1189
-116
-1581
-2473
-2779
-2786
-2753
-2563
-1553
-162
1025
2057
2748
2975
2693
2051
1413
732
-200
-1122
-1769
-1988
-1790
-1355
-798
-347
-81
150
410
630
627
375
225
236
312
443
582
669
566
318
124
-38
-301
-687
-1051
-1186
-1027
-679
-279
109
469
729
900
961
803
464
-3
-531
-916
-1152
-1262
-1253
-1116
-848
-492
-160
97
282
339
274
125
2
-130
-288
-452
-594
-600
-545
-507
-440
-347
-240
-120
-18
122
264
329
361
366
302
250
154
12
-46
-68
-48
106
320
545
845
1103
1331
1612
1802
1876
1903
1889
1828
1292
-177
-1721
-2585
-2932
-2872
-2896
-2733
-1567
-108
1125
2177
2840
3095
2793
2108
1474
720
-230
-1177
-1900
-2052
-1826
-1350
-771
-358
-67
217
485
702
607
307
161
134
231
372
511
615
525
323
202
55
-238
-654
-1049
-1181
-1042
-698
-310
78
449
692
879
945
779
424
-56
-602
-991
-1204
-1327
-1288
-1104
-811
-431
-64
227
441
483
388
208
57
-92
-340
-583
-737
-770
-712
-657
-573
-454
-324
-170
-43
132
280
327
347
308
257
203
58
-101
-169
-213
-178
20
225
463
712
849
1089
1339
1460
1662
1801
1866
1953
1808
1259
48
-1499
-2475
-2892
-3004
-2936
-2800
-1821
-278
1017
2111
2843
3134
2964
2294
1586
835
-199
-1201
-1977
-2234
-1980
-1541
-968
-462
-134
182
446
658
634
333
132
116
199
354
482
585
570
391
251
88
-201
-636
-1053
-1219
-1129
-858
-485
-92
272
567
779
889
782
452
1
-492
-867
-1081
-1242
-1259
-1135
-903
-498
-116
170
394
493
441
306
138
-73
-302
-548
-747
-802
-767
-717
-607
-467
-325
-135
53
209
348
388
366
351
315
210
65
-61
-151
-152
-79
46
238
465
737
1028
1303
1531
1670
1718
1653
1539
1451
1371
978
-216
-1626
-2414
-2631
-2432
-2302
-2210
-1333
-31
1099
2051
2603
2784
2553
1935
1324
670
-174
-1066
-1797
-2036
-1806
-1367
-824
-445
-185
108
411
688
693
448
282
265
318
410
505
556
430
227
99
-4
-193
-559
-908
-1036
-896
-606
-280
34
319
523
681
759
642
372
-51
-474
-764
-940
-1048
-1068
-971
-738
-445
-137
140
311
398
355
220
97
-58
-308
-543
-701
-744
-702
-634
-525
-375
-246
-109
77
259
333
330
294
226
210
149
12
-118
-198
-206
-134
30
224
416
641
827
1030
1182
1270
1375
1466
1533
1510
1451
1513
1363
474
-959
-2057
-2470
-2470
-2460
-2520
-1947
-625
642
1622
2406
2786
2716
2205
1573
984
129
-874
-1689
-2048
-1910
-1498
-967
-454
-144
118
454
730
779
489
200
135
186
275
413
539
560
406
276
215
35
-339
-812
-1079
-1051
-838
-519
-184
166
492
738
951
981
742
312
-185
-585
-837
-1037
-1164
-1160
-963
-608
-256
39
295
427
427
334
194
43
-170
-413
-612
-656
-605
-534
-462
-353
-231
-126
-4
120
184
211
216
206
237
228
118
41
-6
-67
-51
52
225
458
658
820
1017
1230
1382
1482
1554
1533
1426
1335
1294
1032
-14
-1394
-2225
-2435
-2278
-2263
-2206
-1412
-170
890
1760
2386
2674
2455
1848
1299
729
-51
-948
-1658
-1868
-1672
-1282
-794
-401
-131
112
417
705
693
426
226
162
240
332
422
503
421
248
169
128
-53
-399
-772
-925
-830
-594
-297
-20
204
438
686
827
766
495
68
-346
-627
-871
-1071
-1110
-1054
-820
-444
-101
192
423
522
459
326
151
-73
-339
-592
-765
-759
-664
-574
-417
-235
-99
59
181
287
347
314
229
190
186
123
30
-12
-9
15
132
276
415
589
772
928
1126
1326
1419
1460
1417
1310
1235
1219
1129
419
-892
-1838
-2187
-2167
-2005
-2067
-1677
-569
521
1437
2124
2473
2435
1972
1448
974
255
-570
-1366
-1782
-1684
-1395
-931
-503
-258
-4
305
608
751
534
287
196
210
299
348
427
379
219
130
119
16
-279
-665
-888
-868
-711
-445
-204
-24
199
482
681
716
542
194
-181
-472
-672
-874
-987
-969
-823
-480
-104
161
356
463
432
330
194
-26
-312
-581
-741
-740
-631
-535
-412
-250
-99
31
150
227
247
245
184
148
157
127
63
13
-3
19
73
142
203
320
498
700
888
1047
1166
1301
1375
1319
1217
1135
1096
932
72
-1160
-1877
-2095
-1994
-1867
-1865
-1278
-138
820
1587
2123
2335
2190
1686
1167
660
-61
-859
-1514
-1730
-1544
-1215
-776
-415
-181
112
394
622
629
379
202
178
203
271
354
424
385
241
207
171
9
-338
-700
-844
-779
-622
-391
-167
55
303
543
700
679
444
69
-263
-522
-740
-901
-965
-908
-668
-319
11
239
361
369
323
190
23
-179
-449
-660
-730
-676
-562
-434
-314
-180
-40
79
170
236
204
117
57
48
87
77
26
17
28
54
154
202
277
384
469
663
896
1034
1167
1308
1340
1329
1287
1251
1233
755
-441
-1581
-2054
-2050
-1920
-1989
-1844
-903
267
1191
1861
2233
2276
1966
1487
1046
452
-385
-1173
-1612
-1581
-1300
-928
-556
-299
-78
239
534
673
484
186
88
102
163
246
333
361
284
180
206
158
-96
-487
-746
-767
-644
-457
-260
-69
138
417
653
731
616
319
-47
-332
-555
-781
-914
-935
-810
-482
-114
149
340
455
449
355
191
-15
-291
-579
-761
-772
-665
-562
-427
-277
-106
51
141
184
174
112
46
13
26
48
26
9
51
100
119
166
239
282
359
482
612
760
881
979
1127
1277
1287
1238
1211
1122
723
-251
-1281
-1764
-1936
-1938
-1904
-1756
-929
120
943
1652
2061
2181
1971
1512
1094
487
-308
-997
-1441
-1489
-1312
-1027
-611
-306
-62
208
459
592
447
183
78
74
117
194
271
358
344
284
300
245
26
-319
-612
-705
-688
-573
-401
-213
9
252
500
662
619
435
141
-190
-425
-661
-869
-928
-817
-577
-223
83
285
426
453
344
182
-36
-324
-589
-774
-800
-711
-572
-401
-199
-17
134
231
252
227
161
92
41
54
49
16
22
68
83
118
171
212
299
373
455
589
710
842
967
1098
1160
1137
1136
1111
1020
485
-553
-1347
-1612
-1702
-1639
-1725
-1450
-537
343
1081
1627
1889
1936
1655
1279
887
250
-466
-1074
-1336
-1293
-1132
-829
-483
-258
-4
287
533
598
362
153
107
120
141
149
227
265
226
247
286
224
-37
-358
-528
-565
-551
-474
-341
-173
71
318
547
673
577
385
118
-146
-382
-629
-848
-885
-765
-548
-234
14
210
362
411
336
190
-17
-316
-603
-756
-795
-721
-620
-489
-283
-73
96
226
296
264
218
170
107
84
17
-35
-3
40
83
133
193
284
384
483
609
726
804
897
996
1056
1075
1084
1130
1045
434
-599
-1303
-1537
-1611
-1636
-1763
-1460
-534
319
1015
1559
1830
1842
1565
1235
862
234
-488
-1054
-1303
-1218
-1047
-753
-434
-241
22
306
521
527
272
64
40
52
82
125
195
226
213
285
335
248
-14
-307
-461
-492
-506
-461
-349
-203
17
249
468
579
516
352
142
-77
-288
-516
-698
-771
-680
-493
-262
-37
131
255
294
253
133
-21
-265
-498
-610
-643
-612
-545
-430
-285
-129
9
93
154
169
106
72
66
49
41
33
39
103
129
152
177
202
216
270
392
516
671
803
927
1052
1119
1117
1126
1105
1016
497
-503
-1147
-1419
-1554
-1530
-1677
-1421
-581
194
865
1385
1666
1738
1503
1251
930
317
-319
-866
-1139
-1144
-1045
-783
-529
-352
-92
186
426
482
273
113
83
93
104
103
150
184
169
220
268
214
4
-267
-394
-449
-463
-456
-403
-260
-63
164
370
477
451
354
195
38
-140
-371
-542
-638
-604
-436
-280
-108
65
162
219
228
150
9
-172
-385
-474
-507
-533
-527
-457
-320
-171
-43
46
112
131
111
89
90
67
34
18
35
77
86
113
131
163
164
190
276
377
499
660
799
912
998
1015
1013
1017
978
875
485
-286
-923
-1191
-1314
-1322
-1363
-1246
-626
97
668
1128
1410
1497
1374
1118
818
344
-215
-705
-1000
-1034
-952
-734
-489
-312
-87
214
459
529
381
198
120
91
69
42
64
70
90
145
230
235
127
-74
-186
-229
-264
-265
-260
-185
-63
100
266
348
349
288
202
110
-11
-200
-348
-424
-439
-354
-233
-128
-20
73
112
137
82
-34
-162
-300
-410
-418
-409
-403
-352
-268
-169
-83
-22
9
40
42
53
46
26
33
10
5
52
79
96
131
174
233
260
336
443
549
656
750
822
886
898
875
887
881
847
542
-136
-693
-945
-1085
-1134
-1264
-1188
-660
-63
475
912
1190
1322
1227
1041
812
395
-119
-569
-867
-927
-882
-698
-455
-303
-78
187
394
485
335
171
83
2
-48
-87
-38
-2
17
111
249
297
189
11
-91
-144
-218
-257
-268
-212
-93
45
215
334
322
257
190
96
-10
-166
-337
-410
-398
-311
-198
-92
4
76
139
135
82
-27
-180
-317
-416
-444
-441
-398
-331
-231
-123
-29
31
53
46
7
-25
-53
-73
-98
-101
-68
-14
26
87
133
176
198
237
307
353
397
445
540
660
772
819
807
791
786
750
715
531
-13
-577
-861
-981
-999
-1031
-1009
-663
-134
365
775
1039
1133
1049
867
667
347
-90
-501
-797
-857
-780
-615
-365
-195
-30
189
398
475
348
141
-3
-79
-124
-138
-114
-59
-29
54
190
257
224
97
-4
-56
-117
-164
-180
-155
-113
-30
114
222
265
238
182
122
37
-46
-154
-231
-274
-265
-181
-77
-18
-7
10
21
3
-59
-158
-270
-334
-352
-324
-268
-225
-156
-48
25
76
93
37
-44
-118
-184
-244
-246
-220
-175
-121
-49
28
103
160
190
212
211
227
242
238
253
326
421
512
614
709
759
787
802
809
783
670
244
-325
-671
-878
-1023
-1065
-1080
-848
-388
61
499
820
987
1014
909
773
518
134
-226
-517
-667
-679
-567
-380
-225
-73
121
301
387
314
155
22
-81
-136
-150
-138
-103
-79
24
185
301
324
234
145
64
-14
-41
-92
-129
-124
-76
40
155
217
202
171
127
51
-9
-80
-144
-194
-232
-165
-71
-21
21
54
70
65
28
-52
-162
-263
-300
-301
-262
-214
-168
-91
-30
14
40
8
-52
-94
-131
-171
-196
-206
-184
-119
-43
32
117
188
228
259
257
226
210
201
206
244
332
439
535
628
698
742
743
727
707
602
251
-202
-519
-706
-820
-889
-929
-763
-377
5
356
628
797
837
760
659
461
171
-121
-366
-511
-531
-448
-288
-170
-74
63
215
294
266
116
10
-46
-83
-96
-59
-40
-21
45
173
280
272
206
129
95
37
-29
-53
-75
-85
-42
59
162
190
168
172
167
132
75
18
-61
-127
-133
-93
-56
10
34
33
100
107
68
27
-51
-140
-203
-234
-232
-221
-200
-180
-102
-34
15
22
20
-18
-54
-79
-114
-142
-167
-167
-173
-121
-75
-43
-1
46
99
140
159
182
202
227
257
281
313
363
414
472
556
630
674
707
751
731
456
10
-276
-508
-728
-878
-997
-869
-521
-156
199
557
829
925
920
841
607
292
-49
-365
-558
-632
-596
-441
-297
-122
105
308
421
373
254
148
35
-80
-182
-218
-190
-151
-56
84
217
283
253
240
224
152
87
18
-45
-96
-76
-23
28
60
65
82
126
134
108
85
54
13
7
16
9
9
8
15
40
44
8
-10
-54
-109
-109
-127
-148
-158
-147
-142
-99
-82
-87
-62
-63
-73
-64
-63
-91
-87
-86
-94
-90
-84
-77
-61
-55
-51
-28
-3
6
22
58
94
120
149
160
187
205
223
262
300
319
373
469
576
686
729
696
480
148
-61
-287
-493
-676
-833
-732
-487
-189
82
327
540
696
724
704
556
313
60
-157
-282
-353
-350
-289
-204
-75
102
270
357
332
236
148
83
6
-86
-131
-145
-117
-30
79
171
191
202
195
175
139
86
-3
-60
-78
-73
-12
6
17
47
94
122
128
124
75
45
11
10
27
17
-12
-24
-17
-8
-9
-37
-83
-113
-125
-118
-119
-117
-104
-81
-65
-52
-47
-72
-93
-116
-125
-132
-145
-144
-141
-109
-81
-47
-18
-8
-1
3
-17
-41
-60
-79
-88
-62
-10
39
67
94
125
157
188
194
197
216
247
281
362
464
588
667
584
349
158
7
-200
-379
-588
-674
-523
-312
-99
127
347
508
611
655
583
432
223
-12
-197
-305
-338
-330
-277
-193
-40
153
289
328
312
270
189
91
12
-62
-117
-160
-131
-59
34
101
127
169
178
183
147
119
92
18
-10
7
7
-13
-22
-28
4
19
16
19
26
11
18
56
89
93
86
71
48
15
-33
-78
-109
-131
-145
-127
-97
-83
-64
-31
-8
8
-5
-14
-17
-22
-57
-90
-127
-159
-187
-210
-205
-190
-176
-168
-139
-92
-58
-39
-8
3
4
8
14
-3
-11
-56
-74
-64
-56
-40
-7
41
73
126
151
178
195
182
165
149
150
122
105
110
133
185
222
283
295
229
157
97
39
-17
-160
-235
-214
-157
-64
-17
60
111
169
227
224
188
128
57
-6
-58
-96
-118
-127
-120
-111
-39
20
35
30
11
1
-9
-27
-54
-57
-68
-71
-52
-22
11
11
3
10
17
8
7
8
-9
-14
23
77
118
125
135
164
182
167
128
84
27
-11
-56
-75
-104
-123
-133
-118
-80
-63
-50
-50
-52
-65
-65
-63
-64
-96
-114
-106
-115
-98
-85
-81
-86
-83
-99
-114
-133
-153
-175
-164
-138
-120
-87
-38
-3
32
69
83
104
93
77
67
51
34
24
14
37
43
57
72
78
102
133
172
180
178
189
211
225
239
245
217
130
62
8
-34
-51
-120
-153
-113
-31
8
51
83
96
128
138
122
73
28
-22
-54
-73
-105
-122
-111
-86
-60
0
45
43
14
-17
-30
-40
-66
-96
-114
-77
-57
-29
21
6
33
52
42
48
33
-11
-53
-57
-60
-50
-49
-56
-41
-32
-1
11
7
12
3
4
-12
-30
-25
-33
-55
-71
-54
-48
-51
-61
-59
-54
-61
-66
-62
-81
-104
-96
-83
-79
-70
-62
-56
-37
-48
-47
-64
-73
-76
-91
-72
-52
-42
-36
-2
16
27
33
38
17
4
-7
-11
15
11
20
50
74
85
122
151
177
203
240
274
329
343
291
211
110
36
-27
-150
-247
-265
-224
-153
-98
-29
36
138
198
213
197
161
88
26
-46
-90
-109
-122
-128
-124
-74
-23
30
44
9
-4
-38
-70
-115
-151
-184
-183
-127
-99
-52
-6
27
45
79
77
54
28
-22
-57
-85
-106
-119
-119
-121
-85
-50
-24
-5
7
22
21
29
17
-1
-30
-53
-66
-72
-71
-61
-42
-38
-33
-4
6
12
25
5
14
11
0
-15
-9
-13
-22
1
-9
0
0
-9
-11
-18
-25
-48
-28
-14
-13
-12
-14
-4
2
-6
-3
-3
7
15
24
18
9
23
16
29
34
22
8
29
44
8
-1
-22
-28
-33
-41
-44
-52
-50
-56
-53
-37
-32
-23
-18
-28
-37
-29
-44
-50
-38
-63
-56
-64
-58
-50
-42
-37
-29
-16
-20
-12
-23
-35
-33
-28
-32
-38
-39
-35
-44
-32
-16
-26
-12
18
24
29
17
16
9
-21
-36
-43
-48
-48
-51
-50
-62
-49
-45
-47
-44
-44
-23
-16
2
3
5
2
-5
-3
-7
-15
-26
-61
-57
-29
-20
-15
-9
-5
1
36
34
23
27
21
10
0
3
-9
-3
5
25
38
44
62
74
82
82
70
62
48
38
14
2
0
-16
-21
-10
11
13
10
9
-3
3
-5
-3
-12
-19
-18
-35
-24
-16
-23
-31
-36
-41
-32
-32
-31
-32
-34
-24
-15
-8
-4
4
3
2
0
-23
-33
-29
-29
-42
-36
-32
-21
-12
-13
7
14
13
8
-8
-22
-29
-47
-51
-67
-78
-70
-49
-56
-57
-41
-54
-25
-29
-45
-31
-30
-15
-6
4
4
15
9
2
-24
-25
-29
-42
-36
-47
-51
-39
-17
-5
11
14
9
4
-3
-3
-15
-18
-25
-10
-15
-10
1
21
24
32
37
22
26
13
-2
-26
-46
-57
-42
-56
-75
-56
-47
-42
-22
-17
-18
-14
-13
-8
-7
-16
-27
-39
-58
-49
-46
-46
-49
-49
-40
-34
-21
-20
-9
-12
-4
-1
-15
-18
-23
-28
-43
-42
-50
-45
-40
-53
-45
-50
-57
-58
-55
-44
-39
-17
-16
-18
-3
-9
-26
-18
-24
-40
-36
-37
-48
-41
-57
-53
-45
-55
-68
-75
-64
-64
-56
-48
-60
-68
-65
-62
-41
-41
-46
-49
-57
-46
-41
-8
9
9
13
19
38
47
32
27
24
6
4
1
-13
-16
-30
-44
-35
-40
-15
-34
-33
-28
-34
-32
-31
-21
-23
-14
-17
-32
-25
-24
-9
-10
-24
-16
-27
-31
-47
-40
-38
-52
-39
-46
-35
-35
-41
-41
-42
-45
-60
-60
-56
-62
-56
-56
-55
-46
-46
-31
-33
-26
-13
-14
-22
-23
-15
-27
-29
-23
-22
-28
-39
-33
-29
-25
-20
-22
-34
-24
-2
0
-1
5
-8
1
1
-6
-22
-33
-35
-47
-39
-47
-44
-40
-32
-28
-29
-24
-28
-24
-47
-46
-42
-28
-27
-26
-21
-14
-6
2
5
15
32
33
24
3
-8
-7
-5
-23
-24
-41
-41
-39
-39
-29
-5
14
16
19
19
20
23
30
15
13
27
22
5
-8
-14
-22
-13
-21
-32
-31
-21
-23
-30
-20
-23
-30
-28
-24
-29
-24
-20
-10
-14
-30
-37
-35
-17
5
1
10
8
-10
-22
-31
-34
-49
-50
-50
-50
-46
-34
-26
-8
-2
-4
7
-2
-1
4
6
-6
-20
-7
-12
-10
-9
0
-4
-6
-9
-10
-21
-36
-42
-58
-57
-52
-50
-34
-33
-15
-14
-10
4
-4
-14
-17
-24
-35
-41
-39
-37
-40
-19
-13
-19
-5
10
-9
-5
-7
-12
-15
-27
-10
-6
-12
-15
-10
10
6
17
-4
3
-5
-19
-13
-13
-3
-22
-7
-2
0
-11
-4
6
-2
-2
1
-7
-2
5
-8
-3
-5
-3
-1
-5
0
-4
5
14
5
-4
6
-6
4
7
7
8
2
-1
1
4
5
-4
-2
2
-3
-13
-19
-4
-19
-3
-4
-8
-8
-7
-6
-3
-13
-10
-4
-8
5
0
-7
6
7
3
-5
-6
-9
-17
-18
1
5
2
15
9
10
-11
0
-8
-16
-10
-11
-4
-13
-5
-4
15
19
10
3
13
24
30
33
26
22
8
-11
-22
-34
-19
-20
-25
-20
-16
-13
-9
2
