SAMPLES:	4701
BITSPERSAMPLE:	16
CHANNELS:	1
SAMPLERATE:	16000
NORMALIZED:	FALSE
22
13
24
20
16
10
-4
-2
-10
5
2
-6
-3
0
-7
18
18
10
-2
11
5
6
-2
-5
-6
-14
-10
-23
-20
-28
-32
-30
-19
-21
-21
-21
-20
-15
-7
-11
4
-10
-11
-10
-2
-7
-3
-2
-2
-8
-7
-8
-10
-14
-29
-20
-32
-33
-49
-19
-37
-28
-38
-40
-23
-37
-12
-30
-11
-20
-21
-25
-24
-36
-33
-17
-30
-19
-25
-28
-28
-28
-28
-18
-21
-11
-19
-20
-15
-7
-11
-20
-5
6
-1
-4
10
5
7
5
-8
-6
-21
-12
-18
-5
-12
-26
-20
-27
-48
-20
-27
-11
-15
-16
-4
-2
25
12
22
3
19
5
22
13
12
18
21
18
24
19
11
-8
4
22
-2
13
-1
7
2
-7
-15
-10
-3
7
14
3
9
14
13
15
22
9
16
6
2
1
-12
6
6
14
4
-1
12
25
4
-5
-12
-9
-13
-36
-17
-21
-20
-13
-10
-10
-3
-24
-21
-20
-27
-20
-10
-14
-9
-5
-17
-18
3
9
9
-17
-14
-4
9
1
-23
-21
-8
-21
-23
-21
-24
-14
-32
-24
-23
-9
-21
-24
-35
-24
-32
-31
-34
-46
-25
-36
-31
-23
-14
-1
-12
-5
4
0
9
7
-7
-23
-24
-11
7
-4
7
-1
4
-2
2
18
20
11
13
26
25
40
28
36
21
25
12
13
18
16
13
23
23
9
15
27
24
17
16
20
22
18
17
17
6
9
18
21
13
1
6
14
4
12
3
-3
10
22
17
2
-8
2
2
-4
16
0
12
10
14
26
22
25
14
-3
9
25
2
14
0
2
2
-3
4
5
-11
-7
-3
-6
-8
-8
-10
13
13
23
12
25
17
23
9
5
21
23
18
18
5
-3
4
12
6
-4
-17
-3
-14
-5
-15
-1
5
-4
0
-4
13
20
12
25
41
15
36
34
63
40
49
47
38
56
41
55
51
67
66
60
59
58
90
83
71
98
68
59
35
45
83
14
3
4
3
-7
-21
-60
-55
-94
-131
-130
-155
-131
-213
-218
-209
-212
-217
-206
-213
-190
-179
-180
-152
-140
-102
-58
-38
-9
46
76
121
111
102
163
271
271
181
181
247
331
312
273
278
311
301
244
215
239
263
238
167
131
139
148
123
75
38
32
-1
-31
-53
-78
-73
-87
-109
-146
-174
-175
-156
-141
-166
-178
-187
-167
-145
-148
-138
-111
-102
-115
-129
-98
-50
-18
-5
-8
0
30
60
64
56
55
74
89
91
95
107
128
128
110
106
111
121
133
132
111
102
76
77
-70
-16
-29
-49
-76
-221
-135
-163
-193
-178
-221
-255
-217
-270
-231
-205
-185
-146
-155
-122
-67
-13
43
117
-35
-37
143
294
326
67
87
295
355
277
184
230
346
267
127
134
200
309
264
94
87
124
142
131
65
30
41
1
-26
-70
-78
-34
-59
-124
-165
-191
-185
-142
-146
-217
-267
-248
-197
-207
-220
-182
-152
-162
-211
-196
-147
-102
-65
-75
-110
-86
-3
1
2
29
60
53
79
-5
57
81
115
154
-6
20
7
-42
7
-3
-44
-49
-137
-102
-96
-103
-32
-155
-173
-148
-139
-98
-125
-132
-113
-68
-59
-6
-79
36
88
106
86
-85
32
246
331
254
24
85
319
278
176
153
236
330
177
74
154
241
298
187
32
45
121
122
106
16
-2
-5
-59
-66
-82
-92
-55
-87
-185
-224
-228
-150
-121
-188
-225
-247
-213
-159
-177
-196
-135
-129
-168
-200
-177
-82
-59
-58
-117
-133
-129
-29
-56
-90
-68
-141
-62
-108
-57
-65
-70
-82
-97
-148
-111
-121
-147
-95
-128
-110
-167
-136
-43
-47
-42
-75
-1
60
84
85
146
257
110
101
123
440
370
177
81
262
364
285
180
202
330
230
163
88
199
249
177
52
4
13
63
36
-23
-29
-59
-108
-119
-141
-122
-117
-135
-168
-230
-242
-217
-197
-165
-215
-259
-225
-178
-183
-197
-152
-123
-142
-182
-147
-133
-45
-133
-107
-107
-56
-11
-135
-68
-41
-46
-91
-85
-74
-48
-121
-104
-69
-137
-101
-176
-168
-112
-166
-140
-143
-137
-81
-99
-31
52
69
94
151
213
303
85
62
396
563
474
81
130
495
545
307
238
309
471
283
77
159
296
339
180
-31
-24
84
108
52
-41
-86
-53
-120
-152
-146
-147
-117
-167
-257
-299
-270
-198
-143
-209
-288
-316
-258
-189
-216
-227
-166
-173
-215
-258
-225
-113
-138
-120
-166
-142
-127
-126
-140
-113
-95
-63
-161
-218
-136
-144
-112
-155
-155
-190
-218
-194
-170
-143
-181
-170
-187
-133
-72
-20
30
15
107
154
300
374
167
71
259
630
702
237
82
456
670
546
255
289
572
481
210
164
315
503
383
60
3
122
168
150
4
-66
-48
-78
-123
-201
-185
-123
-165
-285
-345
-333
-246
-180
-222
-322
-378
-315
-197
-223
-269
-220
-171
-161
-239
-203
-104
-14
-34
-69
-172
-127
7
43
117
-48
-16
-54
11
38
5
-47
-15
-123
-147
-127
-129
-55
-169
-250
-299
-313
-259
-175
-260
-250
-321
-177
-172
-97
-96
85
1
84
94
322
488
178
176
314
809
696
358
172
660
784
626
323
457
685
602
302
275
445
544
412
122
88
183
226
155
-4
-49
-38
-72
-131
-182
-199
-178
-202
-302
-365
-379
-321
-271
-329
-437
-487
-404
-310
-335
-366
-310
-238
-252
-304
-290
-145
-97
-83
-229
-162
-84
90
12
-112
-73
30
82
-97
-113
-75
-1
-62
-196
-231
-135
-139
-203
-317
-302
-227
-244
-291
-278
-247
-180
-133
-195
-51
-86
111
146
218
341
292
540
357
479
290
724
865
716
413
404
802
936
682
464
629
682
650
336
433
542
593
316
130
89
248
270
138
20
-81
-114
-122
-211
-198
-226
-227
-318
-426
-444
-373
-324
-319
-399
-503
-502
-391
-312
-322
-375
-308
-272
-298
-283
-198
-82
-35
-66
-101
-41
5
125
56
93
93
113
57
51
88
64
66
-31
-53
-153
-151
-156
-147
-284
-281
-409
-375
-359
-372
-377
-395
-436
-343
-380
-309
-206
-264
-33
-84
52
87
236
398
581
564
291
556
326
1135
857
696
558
633
904
963
616
802
836
661
523
328
749
611
483
214
242
368
64
100
144
103
-137
-242
-268
-148
-322
-362
-281
-370
-472
-550
-538
-346
-344
-513
-537
-549
-401
-381
-424
-322
-268
-291
-306
-291
-138
16
-27
-36
-55
19
47
28
152
163
173
-32
35
66
119
75
-3
-66
-93
-116
-161
-144
-179
-190
-345
-325
-365
-348
-287
-358
-371
-390
-392
-278
-204
-239
-111
-107
-41
2
144
260
434
412
488
813
598
604
424
957
1380
1010
561
531
1084
1288
922
557
849
965
800
426
458
744
807
362
109
129
281
305
91
-29
-100
-202
-244
-340
-301
-293
-354
-512
-590
-617
-555
-500
-499
-540
-673
-680
-556
-450
-435
-461
-410
-364
-349
-333
-246
-138
-71
-86
-115
-181
-26
49
83
31
-119
-54
-38
20
3
-70
-102
-97
-215
-246
-232
-186
-211
-339
-444
-406
-414
-356
-387
-410
-381
-466
-366
-256
-300
-110
-287
17
-3
-20
181
250
537
467
525
590
863
769
838
639
1053
1157
1123
870
714
1062
1179
1054
799
820
869
911
583
577
600
637
422
191
43
175
130
-1
-143
-279
-291
-342
-416
-469
-531
-567
-636
-691
-746
-681
-658
-605
-655
-724
-687
-599
-504
-476
-473
-446
-366
-388
-323
-244
-102
-87
-132
-184
-98
21
51
31
-51
-15
-21
0
-22
-10
-14
-116
-167
-200
-152
-175
-211
-284
-392
-378
-387
-331
-359
-416
-478
-383
-378
-310
-264
-308
-169
-167
-102
52
78
227
217
324
432
634
734
839
940
650
1066
661
1198
1221
1095
1071
769
991
1232
1052
869
887
705
875
504
453
584
600
285
145
-151
67
88
-149
-218
-428
-462
-414
-639
-558
-631
-616
-682
-788
-870
-715
-677
-632
-726
-825
-725
-635
-527
-466
-513
-438
-390
-425
-327
-298
-156
-195
-338
-217
-147
-49
-73
-153
-92
-87
-73
-97
-167
-26
-107
-167
-282
-300
-200
-222
-319
-364
-398
-340
-324
-356
-392
-313
-350
-286
-292
-226
-65
-83
-74
13
116
204
325
321
441
627
649
766
863
925
1124
973
512
1215
1110
1594
983
390
999
1351
1189
833
469
905
1115
374
304
423
622
508
-45
-359
114
-56
-21
-430
-579
-396
-468
-707
-603
-784
-608
-683
-921
-864
-797
-732
-608
-778
-798
-714
-699
-470
-470
-554
-384
-389
-341
-348
-400
-158
-98
-126
-201
-286
-181
-4
-93
-145
-230
-218
-114
-175
-211
-213
-254
-279
-395
-471
-380
-340
-386
-556
-618
-519
-440
-431
-530
-469
-465
-375
-389
-301
-125
-155
-84
-90
45
199
265
349
477
447
625
818
971
856
873
915
707
1121
959
1493
908
589
904
1108
1154
800
514
818
860
301
360
323
551
381
-154
-285
-27
-72
-141
-483
-514
-433
-637
-718
-670
-710
-644
-791
-928
-858
-810
-712
-696
-754
-740
-723
-699
-497
-409
-517
-386
-516
-248
-270
-225
-73
-147
-76
-114
-103
-16
93
18
47
-44
37
64
41
43
20
-17
-21
-42
-71
-13
-100
-139
-98
-210
-89
-204
-167
-98
-225
-102
-162
-123
2
-50
125
-47
43
257
226
212
475
333
520
661
680
938
714
736
1197
591
846
991
1180
1487
496
638
1189
1324
1038
677
610
1221
781
406
411
660
648
301
-258
-15
188
29
-206
-385
-369
-280
-607
-534
-529
-586
-530
-735
-764
-659
-580
-552
-521
-590
-545
-523
-438
-277
-358
-428
-291
-354
-246
-326
-299
-159
-272
-321
-299
-227
-96
-105
-223
-145
-127
-68
-96
-128
-51
-72
-112
-163
-139
-96
-122
-145
-242
-285
-183
-243
-98
-218
-138
-91
-2
-41
56
100
121
371
214
378
441
548
663
764
714
918
986
1168
1133
1213
1083
1496
903
1035
1306
1300
1693
504
697
1076
1378
923
641
383
1081
711
302
348
563
692
350
-222
-11
263
155
-97
-361
-370
-209
-502
-513
-475
-513
-485
-705
-745
-622
-549
-510
-517
-629
-523
-501
-428
-282
-274
-438
-292
-197
-100
-58
-202
15
43
-7
-61
-9
87
182
-28
-77
-18
37
64
-111
-198
-121
-217
-276
-390
-374
-276
-178
-288
-246
-264
-60
-105
-215
-162
-96
-138
-120
-48
80
105
112
237
253
385
505
569
509
760
794
1015
987
1187
1054
1404
1117
893
1333
1139
1756
976
504
851
1190
998
586
123
483
614
-83
-303
-196
6
-155
-763
-1006
-655
-641
-850
-1089
-1326
-1071
-1183
-1318
-1236
-1231
-1099
-1205
-1365
-1281
-1109
-1051
-976
-1073
-1114
-1004
-1021
-766
-800
-774
-734
-688
-626
-553
-516
-369
-336
-410
-369
-352
-166
-145
-216
-264
-224
-196
-118
-180
-172
-196
-227
-230
-303
-223
-258
-286
-331
-347
-370
-353
-306
-297
-290
-292
-250
-152
-106
-17
11
63
146
236
356
251
458
593
645
587
624
964
925
882
913
1016
583
1007
940
1321
1101
429
717
935
1077
819
491
520
968
447
222
416
554
603
155
-111
101
255
174
-16
-227
-168
-148
-411
-333
-385
-365
-485
-627
-741
-558
-552
-479
-643
-675
-598
-560
-427
-387
-391
-394
-321
-347
-230
-224
-89
-58
-161
-148
-117
-78
-26
-97
-176
-143
-159
-72
-37
-31
-12
-46
-24
-84
-20
13
-1
-81
48
79
45
186
209
320
242
192
439
387
359
537
452
507
602
651
764
747
923
1187
1126
1241
1543
1654
1543
1517
1691
1226
1623
1480
1833
1569
954
1237
1424
1481
993
598
523
915
331
82
99
344
287
-224
-451
-175
-52
-186
-443
-603
-569
-511
-790
-736
-840
-765
-837
-1022
-1041
-956
-829
-823
-932
-988
-814
-775
-566
-599
-613
-551
-459
-453
-431
-440
-381
-300
-414
-416
-348
-259
-221
-272
-318
-220
-147
-92
-39
-21
-17
12
24
14
-58
-56
-121
-107
-270
-260
-241
-262
-298
-344
-300
-312
-344
-286
-233
-221
-137
-199
-10
113
61
111
265
461
467
493
609
717
680
697
908
668
685
876
1061
1246
554
586
985
1325
947
589
601
1110
871
365
389
617
761
330
-83
61
334
258
-63
-281
-233
-96
-348
-480
-546
-540
-572
-816
-948
-815
-699
-731
-801
-830
-712
-644
-539
-482
-468
-515
-481
-436
-317
-384
-326
-286
-248
-231
-247
-91
9
5
-71
-46
-37
99
-23
-115
-194
-214
-277
-332
-343
-412
-416
-575
-521
-491
-520
-484
-501
-532
-479
-455
-400
-277
-392
-354
-255
-210
-67
-119
-27
159
212
244
364
475
796
581
604
780
931
737
709
781
1145
1250
514
634
931
1313
945
591
603
1066
722
408
399
581
593
212
-36
105
195
116
-130
-255
-256
-244
-434
-448
-498
-539
-610
-758
-794
-783
-717
-728
-823
-888
-863
-792
-733
-581
-705
-614
-558
-423
-277
-254
-273
-180
-143
-172
-160
-249
-104
-177
-281
-274
-256
-215
-191
-238
-269
-228
-260
-256
-349
-261
-322
-394
-381
-390
-371
-315
-319
-284
-212
-167
-86
-135
23
-56
21
152
266
148
168
508
593
625
535
871
892
880
999
1047
779
1107
1128
1461
1107
691
1028
1331
1308
933
743
997
1210
660
453
629
787
566
106
-73
200
197
-11
-300
-370
-317
-361
-583
-583
-572
-604
-684
-881
-866
-757
-704
-762
-843
-865
-773
-706
-634
-549
-620
-530
-457
-392
-406
-276
-193
-46
-146
-262
-145
6
26
-94
-260
-205
-148
-176
-240
-285
-269
-299
-381
-407
-388
-322
-342
-391
-396
-404
-289
-233
-235
-297
-301
-144
-179
-203
-30
-69
-44
127
224
232
290
405
696
704
648
757
812
1085
1073
620
1031
1093
1552
1118
555
917
1441
1307
832
601
867
1160
658
373
503
654
489
70
-105
119
135
-83
-314
-435
-400
-407
-547
-569
-612
-660
-656
-732
-786
-704
-663
-649
-664
-747
-702
-524
-487
-387
-545
-492
-318
-310
-348
-278
-279
-121
-238
-322
-139
-46
-109
-188
-273
-115
-49
-204
-202
-213
-157
-203
-302
-288
-218
-243
-329
-373
-363
-239
-321
-342
-233
-306
-170
-167
-105
-37
-21
82
67
295
354
483
477
634
767
906
1046
904
1113
1020
1510
1030
921
1176
1559
1614
850
839
1314
1620
1087
781
811
1258
972
533
501
814
767
395
48
149
284
114
-130
-274
-324
-314
-486
-509
-540
-556
-644
-673
-730
-673
-640
-598
-598
-613
-685
-583
-463
-364
-399
-492
-346
-188
-160
-177
-124
13
87
31
-8
96
228
159
121
-55
-21
35
17
-46
-110
-122
-95
-149
-179
-158
-186
-181
-194
-256
-204
-114
-111
-158
-235
-213
-121
-135
-225
-212
-88
86
85
167
224
541
569
630
600
779
860
1057
560
559
948
1135
1166
342
402
915
1146
618
363
450
930
616
111
183
511
469
132
-251
-124
42
-53
-319
-420
-457
-423
-549
-557
-554
-567
-614
-704
-772
-732
-672
-675
-673
-742
-815
-801
-646
-570
-569
-702
-635
-482
-468
-479
-393
-271
-214
-268
-280
-179
-92
-46
-152
-210
-145
-129
-104
-160
-233
-213
-268
-325
-313
-346
-373
-436
-510
-481
-510
-515
-442
-469
-504
-483
-464
-317
-210
-320
-276
-179
-7
-7
132
173
292
377
328
540
568
895
750
397
800
1138
1479
961
673
1000
1524
1193
723
661
904
1022
405
186
470
667
401
0
-93
119
162
-34
-222
-304
-333
-404
-586
-628
-617
-649
-723
-763
-775
-629
-596
-537
-557
-571
-595
-429
-306
-231
-292
-286
-135
-46
13
80
249
321
360
262
372
498
415
388
305
345
297
257
188
255
199
124
21
18
50
9
-112
-168
-190
-186
-232
-283
-260
-311
-257
-287
-257
-246
-198
-187
-6
-54
30
98
176
418
380
476
409
722
804
858
432
541
982
1133
988
420
572
983
1155
684
489
683
908
602
199
354
594
481
102
-134
-27
62
-17
-316
-418
-438
-444
-568
-550
-500
-538
-584
-628
-616
-577
-493
-494
-520
-561
-627
-578
-422
-335
-448
-497
-406
-283
-240
-283
-173
-112
-47
-117
-123
34
174
26
-81
-10
62
155
-19
-48
-35
25
-102
-172
-153
-125
-176
-324
-310
-307
-280
-344
-404
-474
-386
-390
-366
-343
-355
-274
-218
-145
-106
8
168
273
282
387
583
633
788
793
854
650
735
1003
1133
1017
541
660
929
1091
744
585
691
851
604
346
447
605
480
165
-29
19
87
33
-186
-329
-413
-449
-557
-556
-582
-667
-802
-872
-855
-815
-789
-794
-835
-870
-915
-852
-681
-625
-663
-706
-652
-467
-401
-392
-325
-263
-183
-174
-193
-32
50
93
-80
-87
52
112
104
-64
-82
-29
-3
-128
-122
-134
-195
-279
-408
-326
-327
-338
-443
-491
-539
-434
-439
-398
-434
-358
-376
-210
-135
-131
26
29
296
231
301
325
662
742
762
474
422
886
1093
1024
593
520
818
1031
803
497
622
759
647
253
269
505
494
228
-63
-96
18
57
-132
-309
-360
-426
-517
-538
-524
-543
-644
-740
-742
-763
-686
-637
-675
-725
-778
-741
-626
-508
-494
-558
-532
-448
-340
-345
-228
-197
-139
-173
-175
-51
123
151
47
28
12
162
139
118
41
15
-13
-83
-70
-75
-70
-243
-326
-345
-339
-276
-380
-425
-546
-461
-475
-381
-406
-341
-372
-368
-271
-178
-99
26
74
137
160
246
439
527
617
590
617
464
688
910
1001
809
595
664
912
968
780
649
669
689
553
395
477
525
413
137
11
54
111
50
-134
-249
-341
-391
-426
-397
-417
-497
-623
-660
-638
-590
-559
-582
-609
-661
-676
-599
-457
-372
-509
-459
-418
-277
-246
-203
-116
-73
-61
-53
9
111
151
146
91
157
175
172
206
152
166
68
8
-8
11
-106
-194
-255
-256
-318
-421
-433
-420
-463
-515
-563
-537
-478
-452
-490
-490
-420
-353
-286
-226
-130
-53
124
195
202
220
430
639
644
562
590
592
861
971
945
774
687
816
976
890
720
694
691
673
499
469
524
508
353
146
88
111
124
18
-128
-233
-316
-342
-369
-342
-457
-547
-590
-603
-600
-580
-565
-585
-604
-634
-613
-531
-409
-396
-453
-427
-317
-186
-133
-127
-98
-26
33
57
110
196
234
219
184
231
275
266
246
235
170
147
77
81
97
21
-129
-205
-207
-225
-214
-358
-418
-458
-443
-462
-473
-491
-485
-519
-463
-463
-375
-333
-275
-221
-164
-74
14
207
217
197
356
479
680
601
574
534
732
933
906
768
584
818
908
864
669
652
686
657
502
405
468
451
303
131
44
38
37
-44
-183
-284
-350
-379
-412
-423
-539
-596
-614
-604
-665
-681
-649
-609
-663
-673
-654
-584
-474
-486
-533
-509
-406
-281
-365
-184
-188
-89
-139
-83
37
128
137
75
151
190
266
223
184
141
214
161
122
79
-25
-46
-33
-93
-163
-316
-334
-326
-310
-450
-514
-488
-519
-513
-566
-557
-511
-438
-499
-524
-409
-291
-243
-260
-150
-40
35
100
184
258
369
445
562
534
580
510
757
858
874
706
578
780
903
841
615
613
658
674
493
407
462
420
282
63
69
99
39
-72
-244
-263
-301
-349
-415
-395
-464
-537
-562
-552
-516
-524
-528
-549
-556
-547
-514
-456
-376
-374
-439
-375
-291
-189
-197
-152
-132
-65
-45
6
137
82
181
78
205
250
269
184
245
237
240
128
81
185
140
49
-176
-111
-117
-129
-275
-396
-389
-457
-502
-565
-532
-595
-596
-698
-668
-593
-571
-575
-615
-514
-489
-366
-319
-223
-177
-127
-63
90
277
254
257
377
552
634
535
450
673
826
804
608
539
740
797
700
541
530
613
529
397
399
380
346
174
81
100
83
-2
-91
-154
-204
-305
-360
-300
-349
-431
-531
-511
-461
-475
-533
-576
-498
-462
-502
-516
-449
-358
-387
-404
-351
-281
-208
-192
-177
-156
-65
-63
-20
38
85
91
-6
99
75
151
109
115
68
49
59
31
71
-103
-147
-210
-170
-208
-342
-388
-445
-431
-482
-570
-610
-582
-678
-694
-722
-701
-691
-713
-664
-623
-606
-582
-563
-462
-354
-346
-312
-288
-98
-41
-13
18
148
188
290
310
258
296
441
522
514
400
358
509
598
528
461
436
469
462
400
392
346
341
257
158
174
146
55
7
-55
-98
-128
-203
-195
-218
-273
-311
-347
-299
-299
-310
-346
-352
-321
-307
-309
-254
-253
-251
-227
-207
-129
-131
-144
-161
-148
-128
-127
-145
-136
-149
-144
-141
-199
-86
-129
-18
-135
-127
-58
-36
-33
-110
-109
-111
-34
-111
-126
-193
-153
-136
-198
-220
-333
-249
-261
-295
-332
-348
-350
-377
-386
-422
-442
-471
-461
-438
-351
-344
-372
-302
-212
-92
-67
38
120
253
253
363
408
465
525
574
612
577
556
716
737
750
647
621
748
825
758
673
666
671
663
599
568
552
521
444
358
369
367
292
231
153
134
114
78
76
41
-30
-54
-84
-59
-74
-92
-117
-102
-92
-110
-112
-59
-63
-87
-90
-55
21
27
21
22
53
108
93
106
124
141
131
129
118
182
220
158
214
184
251
172
211
199
195
189
87
82
131
128
62
-18
-71
-50
-100
-120
-166
-248
-249
-297
-288
-259
-317
-309
-318
-301
-266
-282
-282
-258
-232
-208
-201
-136
-114
-134
-133
-73
54
88
76
117
206
257
364
386
427
427
508
422
569
636
603
544
471
600
636
599
451
470
451
433
317
353
314
237
204
117
129
133
106
31
-47
-77
-112
-123
-143
-151
-247
-277
-254
-209
-232
-264
-263
-265
-238
-224
-211
-173
-149
-174
-184
-123
-75
-57
-77
-76
-68
-11
-6
6
2
13
12
19
68
107
110
103
117
120
148
138
142
87
171
89
115
85
69
53
17
-32
-45
-73
-91
-108
-166
-129
-186
-193
-232
-245
-253
-289
-320
-323
-336
-352
-385
-391
-351
-358
-363
-324
-321
-291
-273
-240
-202
-128
-86
-104
-39
48
100
118
143
207
280
337
345
375
393
497
427
516
491
500
499
433
503
503
506
441
382
363
403
317
291
232
178
166
116
126
78
63
19
-56
-74
-77
-104
-130
-157
-180
-194
-192
-137
-145
-168
-188
-164
-120
-71
-79
-84
-75
-68
-43
-24
16
10
20
-9
-6
28
58
47
34
55
78
113
129
136
114
120
105
122
143
133
108
83
113
104
109
86
97
79
62
74
37
56
16
10
4
9
-16
-62
-71
-61
-82
-157
-169
-156
-142
-158
-194
-224
-198
-177
-198
-197
-198
-193
-187
-164
-141
-146
-130
-119
-102
-59
-46
-58
-31
-8
-2
21
32
93
114
147
139
212
245
273
280
362
263
326
378
400
464
303
345
345
435
371
278
265
277
239
220
192
165
169
99
75
71
41
27
-52
-72
-108
-112
-115
-118
-138
-169
-197
-186
-141
-138
-167
-190
-157
-146
-135
-125
-120
-104
-107
-109
-85
-50
-23
-47
-46
-11
37
38
66
89
109
119
127
168
188
209
197
195
203
206
201
192
188
187
154
165
174
169
158
124
129
143
132
121
104
90
95
58
32
113
86
84
25
-10
37
30
40
-37
-72
-37
-13
-25
-12
-41
-28
-29
-23
12
-8
6
-19
-32
2
8
10
27
4
-10
-11
20
50
44
39
23
49
72
50
50
63
85
88
47
44
95
104
73
33
47
94
94
90
66
55
34
51
77
80
50
42
41
65
72
52
52
37
49
33
19
43
36
27
21
11
13
4
-15
-30
-42
-36
-21
-24
-21
-57
-57
-56
-43
-30
-48
-67
-48
-32
-44
-44
-17
-8
-11
-14
-17
2
0
0
-32
-4
14
29
44
48
57
55
40
57
83
53
78
85
97
105
112
124
106
109
91
65
64
89
99
75
63
48
65
48
31
13
12
-31
-34
-32
-57
-47
-78
-59
-87
-73
-92
-103
-104
-144
-135
-129
-133
-133
-138
-141
-136
-146
-147
-138
-134
-127
-117
-114
-112
-84
-50
-39
-53
-40
-10
3
41
52
66
81
112
129
132
188
141
146
168
216
235
182
149
167
184
184
170
127
119
115
107
100
62
56
7
-5
2
19
13
-38
-61
-53
-57
-75
-78
-91
-100
-119
-117
-103
-94
-90
-115
-113
-101
-86
-95
-96
-96
-100
-95
-82
-58
-57
-63
-71
-47
-35
-45
-31
-22
-13
-22
-9
3
6
16
9
16
16
28
18
6
-4
-11
-8
-8
-2
-6
-3
-13
-25
-20
-17
-12
-23
-14
-17
-25
-24
-10
-20
-15
-15
-23
-19
-17
-30
-38
-29
-43
-37
-50
-39
-45
-45
-57
-57
-66
-64
-58
-71
-83
-74
-61
-55
-53
-61
-77
-83
-62
-47
-46
-44
-46
-33
-22
-28
-22
-38
-22
-35
-41
-18
-36
-34
-41
-41
-45
-57
-48
-64
-48
-63
-53
-39
-33
-44
-57
-32
-40
-63
-50
-49
-46
-42
-42
-61
-55
-44
-56
-55
-65
-68
-55
-45
-55
-68
-66
-63
-50
-47
-56
-64
-59
-58
-72
-54
-73
-68
-79
-69
-77
-88
-73
-63
-60
-59
-66
-65
-65
-67
-54
-75
-61
-70
-67
-56
-58
-60
-54
-51
-49
-63
-70
-65
-58
-51
-45
-33
-41
-31
-56
-50
-43
-41
-36
-44
-36
-32
-13
-17
-21
-16
-9
-10
-9
-11
-16
-10
4
3
2
0
-5
21
7
12
-1
-7
-9
-14
-20
-24
-22
-26
-38
-54
-42
-44
-35
-45
-43
-32
-51
-41
-45
-30
-22
-17
-20
-11
-20
-29
-28
-20
-11
-30
-31
-45
-42
-26
-41
-44
-43
-61
-49
-40
-40
-33
-54
-44
-68
-65
-49
-54
-42
-39
-46
-38
-33
