SAMPLES:	6206
BITSPERSAMPLE:	16
CHANNELS:	1
SAMPLERATE:	16000
NORMALIZED:	FALSE
-2
-2
-5
1
-1
-9
-8
-7
6
-11
-1
-7
-19
-4
-6
14
2
12
18
7
-10
-28
-33
-60
-70
-69
-52
-44
-23
-14
-4
20
38
53
29
31
24
16
2
-2
0
-21
-24
-34
-35
-47
-27
-23
-37
-25
-24
-16
-23
-27
-29
-30
-37
-37
-35
-16
11
14
17
17
19
26
25
21
11
5
-2
-2
-11
-26
-22
-27
-42
-51
-51
-55
-52
-50
-30
-24
-25
-19
-20
-18
-7
4
10
6
-3
7
7
0
10
25
16
24
21
12
7
-5
-11
-27
-31
-20
-39
-35
-26
-24
-18
-3
-1
5
18
22
14
17
25
15
7
22
19
22
23
26
31
21
37
27
13
20
21
10
5
-1
-1
7
6
-4
-4
0
-6
20
9
11
11
11
15
8
24
28
40
31
28
22
21
12
24
30
20
23
20
13
-1
3
19
3
-4
5
1
-2
-12
-21
-9
-10
-7
13
6
11
5
14
13
13
5
-3
18
8
10
9
17
19
11
13
10
17
23
41
41
31
30
26
29
23
33
27
28
35
19
18
27
44
34
24
24
30
31
25
27
14
8
4
10
4
2
14
2
7
0
15
25
27
41
50
42
46
48
27
39
37
27
28
32
53
56
52
52
58
83
70
57
54
37
34
36
23
34
36
27
32
27
32
24
23
43
40
54
63
56
55
59
65
70
68
61
53
54
59
50
41
47
40
33
33
30
32
22
22
18
18
20
12
9
11
17
22
27
18
23
19
15
20
13
19
16
21
5
7
19
9
17
14
7
9
30
28
22
17
3
2
3
-12
-16
-11
-17
-18
-35
-32
-14
-13
-7
-5
0
-3
0
-4
-17
-5
-10
-20
-12
-14
-11
-11
-4
-11
-13
-10
-23
-11
-5
0
-3
2
1
-3
-12
-15
-7
2
-3
-6
-13
-13
-18
-15
2
-6
-16
-27
-17
-25
-24
-17
-25
-17
-3
-11
-18
-21
-23
-27
-18
-29
-30
-25
-45
-38
-30
-18
-14
-20
-8
-2
6
-2
8
14
9
11
-1
-3
-9
-9
-22
-12
-8
-15
-16
-16
-5
-2
3
-10
-9
-23
-21
-22
-33
-27
-28
-29
-38
-39
-37
-42
-47
-45
-30
-31
-36
-40
-34
-34
-38
-36
-55
-50
-51
-47
-41
-37
-35
-39
-36
-49
-48
-40
-40
-39
-48
-34
-34
-34
-38
-46
-50
-50
-39
-49
-36
-39
-33
-32
-31
-30
-40
-53
-54
-47
-54
-51
-52
-70
-64
-57
-54
-52
-56
-53
-37
-38
-50
-65
-64
-53
-50
-58
-53
-68
-72
-61
-61
-55
-64
-60
-60
-57
-64
-53
-53
-45
-49
-42
-44
-49
-41
-56
-49
-44
-54
-56
-61
-65
-65
-56
-61
-67
-53
-50
-61
-71
-56
-54
-66
-66
-73
-62
-44
-42
-44
-38
-41
-40
-47
-52
-42
-47
-40
-44
-39
-32
-50
-49
-47
-43
-40
-37
-40
-41
-46
-37
-28
-44
-53
-39
-36
-34
-42
-45
-45
-47
-27
-34
-34
-39
-44
-48
-55
-57
-52
-38
-39
-47
-60
-71
-68
-61
-60
-59
-69
-63
-66
-78
-62
-58
-44
-41
-51
-55
-50
-45
-62
-60
-63
-56
-47
-41
-56
-58
-57
-54
-55
-42
-56
-60
-60
-54
-65
-72
-65
-68
-62
-82
-58
-46
-37
-51
-64
-45
-53
-45
-42
-34
-40
-37
-33
-43
-32
-35
-27
-32
-30
-46
-51
-42
-57
-64
-61
-62
-57
-75
-78
-77
-94
-98
-97
-84
-75
-67
-68
-63
-56
-46
-50
-52
-47
-57
-48
-48
-56
-64
-53
-57
-51
-52
-71
-58
-55
-68
-64
-61
-68
-55
-57
-57
-67
-78
-80
-82
-92
-76
-71
-69
-69
-80
-80
-71
-56
-64
-53
-47
-45
-54
-54
-60
-60
-53
-70
-69
-83
-87
-88
-88
-76
-81
-89
-71
-68
-76
-69
-68
-81
-75
-86
-104
-87
-87
-96
-79
-67
-79
-79
-82
-67
-79
-77
-64
-64
-50
-55
-50
-58
-65
-55
-56
-57
-57
-58
-66
-63
-63
-78
-78
-75
-60
-49
-53
-45
-46
-50
-46
-55
-57
-50
-63
-62
-49
-56
-57
-51
-45
-53
-45
-41
-37
-41
-37
-43
-49
-47
-52
-48
-50
-48
-39
-39
-39
-49
-39
-44
-40
-38
-45
-40
-47
-35
-36
-34
-43
-33
-19
-33
-42
-49
-61
-51
-52
-48
-48
-55
-64
-54
-48
-58
-55
-44
-46
-53
-52
-60
-44
-44
-45
-42
-37
-41
-39
-27
-26
-23
-31
-28
-13
-17
-31
-28
-23
-30
-24
-13
-8
-9
-28
-23
-29
-24
-31
-28
-17
-17
-17
-21
-16
-21
-24
-20
-14
-23
-9
-9
-21
-14
-8
-23
-39
-28
-20
-6
-17
-11
-10
-13
-7
-13
0
3
1
-6
6
4
-3
8
16
10
-9
-6
-10
-18
-17
-7
-3
-8
-17
-15
-8
-10
-26
-41
-33
-27
-21
-14
-14
-20
-11
6
5
6
4
2
8
-4
-6
-6
-4
-8
-11
-4
-17
-11
-11
-11
-12
-16
-13
-22
-16
-19
-37
-23
-17
-32
-25
-33
-22
-22
-27
-29
-30
-31
-33
-31
-29
-20
-12
-9
-12
-12
-13
-17
-24
-31
-28
-19
-26
-30
-19
-21
-16
-15
-12
-7
-23
-18
-3
-14
-22
-16
-25
-27
-17
-11
-6
2
-3
-9
-11
-13
-22
-21
-10
-10
-7
1
0
8
-2
5
9
8
19
24
29
15
22
35
19
19
32
31
20
17
26
21
43
20
32
39
17
22
20
29
19
23
11
17
8
-11
-19
-22
-33
-41
-48
-38
-46
-43
-20
-7
-4
0
20
29
32
35
43
54
52
60
82
88
97
114
133
132
147
145
163
190
205
211
226
213
164
130
143
106
44
15
10
-45
-79
-89
-125
-135
-125
-97
-111
-88
-37
9
16
35
78
112
104
111
121
118
108
108
106
92
86
90
92
84
98
105
108
79
71
73
63
57
10
-27
-29
-38
-52
-57
-75
-72
-40
-31
-16
15
42
65
93
100
130
133
116
115
103
99
82
63
56
38
31
11
10
-6
-8
4
6
16
5
14
11
4
-24
-37
-33
-41
-43
-71
-81
-85
-72
-77
-71
-57
-33
-12
-16
1
12
23
16
17
0
8
18
10
-5
-24
-23
-19
-7
-11
11
31
41
63
101
138
146
178
187
211
233
258
236
229
247
250
251
206
141
117
124
80
18
-22
-37
-93
-123
-140
-153
-139
-132
-122
-118
-76
-27
10
28
57
98
132
131
141
172
179
168
162
147
127
124
126
103
88
94
81
53
32
22
11
11
-27
-68
-85
-80
-105
-128
-128
-123
-123
-134
-136
-130
-108
-101
-105
-103
-82
-57
-47
-32
-34
-24
-15
-13
-9
-11
3
-4
-14
-10
8
18
36
56
80
115
151
181
189
208
239
251
255
248
227
220
239
218
163
95
68
60
-34
-120
-170
-179
-261
-306
-326
-316
-313
-259
-216
-231
-174
-91
-40
-32
18
87
114
103
116
147
137
123
127
90
63
79
103
83
64
59
57
29
18
8
7
-8
-78
-135
-177
-194
-236
-308
-344
-375
-393
-404
-378
-363
-330
-262
-229
-164
-108
-35
31
57
93
140
177
200
210
222
248
247
243
251
244
237
257
234
194
180
149
122
77
24
23
6
4
-21
28
60
91
141
191
234
266
281
254
236
201
162
84
14
-41
-89
-159
-182
-217
-210
-202
-173
-138
-96
-39
23
58
69
95
104
82
62
53
30
7
-1
-20
-43
-28
0
16
38
76
103
126
143
144
137
116
89
25
-63
-113
-189
-263
-366
-437
-478
-494
-528
-532
-490
-435
-380
-316
-254
-197
-108
-40
4
34
70
102
118
110
96
133
133
154
172
201
264
322
383
452
518
600
651
674
658
640
600
542
456
275
101
-23
-117
-316
-505
-593
-625
-697
-740
-702
-632
-555
-447
-316
-254
-145
13
113
144
166
253
310
286
276
293
288
271
266
248
242
247
272
246
215
209
171
103
16
-54
-116
-193
-301
-391
-434
-440
-449
-456
-422
-348
-255
-176
-81
30
115
226
307
326
341
376
360
270
176
105
22
-105
-225
-324
-386
-455
-501
-533
-525
-510
-486
-452
-411
-359
-297
-247
-245
-208
-129
-98
-62
2
73
165
250
335
402
511
631
721
805
882
984
1060
1125
1103
1076
944
799
611
475
178
-133
-372
-557
-834
-1027
-1066
-1117
-1131
-1073
-928
-837
-651
-417
-207
-84
64
226
339
360
412
495
493
443
444
446
424
419
454
439
418
427
418
367
310
246
155
36
-117
-258
-390
-492
-611
-712
-758
-758
-728
-663
-538
-407
-251
-96
61
183
297
422
499
512
510
512
475
397
321
236
90
-32
-138
-259
-379
-496
-566
-644
-699
-739
-734
-717
-683
-654
-623
-550
-495
-407
-312
-249
-164
-73
19
98
198
303
385
474
573
657
748
840
934
1006
1100
1152
1222
1266
1238
1068
853
724
570
231
-156
-391
-610
-941
-1228
-1298
-1341
-1383
-1316
-1186
-1096
-883
-561
-269
-155
15
290
464
481
520
632
648
594
575
558
505
497
537
508
435
447
465
419
335
283
223
98
-91
-258
-373
-505
-653
-797
-873
-892
-882
-852
-747
-613
-447
-235
-58
111
272
464
593
615
617
641
633
544
437
309
153
-26
-155
-323
-506
-617
-706
-788
-867
-890
-872
-814
-792
-741
-662
-547
-501
-398
-303
-234
-160
-84
8
62
175
296
379
465
588
695
789
877
976
1069
1142
1215
1281
1337
1298
1126
905
725
539
256
-137
-450
-691
-947
-1252
-1397
-1426
-1436
-1397
-1275
-1151
-960
-647
-364
-176
-22
220
435
529
548
649
727
697
627
609
582
547
576
566
494
477
484
469
377
289
242
107
-74
-265
-411
-549
-699
-836
-947
-986
-955
-908
-821
-679
-501
-288
-88
88
271
445
585
650
615
580
540
456
264
79
-70
-218
-376
-514
-591
-656
-664
-671
-677
-661
-594
-521
-501
-482
-455
-420
-417
-420
-382
-322
-242
-163
-57
84
236
395
547
697
857
997
1103
1218
1314
1368
1387
1442
1416
1310
1087
885
653
451
119
-238
-506
-735
-968
-1256
-1343
-1388
-1339
-1324
-1216
-1120
-900
-632
-383
-213
-64
172
371
477
524
641
741
748
732
750
737
724
719
700
630
578
553
478
368
255
143
15
-186
-376
-496
-604
-730
-851
-920
-933
-882
-805
-716
-584
-415
-229
-50
67
189
329
418
405
330
309
267
142
9
-91
-183
-280
-348
-412
-449
-432
-408
-414
-394
-398
-387
-371
-405
-426
-407
-391
-390
-335
-222
-128
-2
128
294
440
637
766
873
1002
1116
1256
1296
1379
1403
1499
1405
1335
1124
944
686
507
191
-220
-525
-709
-957
-1294
-1352
-1371
-1356
-1392
-1253
-1129
-903
-667
-388
-197
-32
195
443
562
589
723
848
824
765
795
794
765
744
716
658
579
546
502
380
261
151
24
-155
-336
-466
-571
-713
-849
-907
-907
-866
-813
-709
-593
-412
-265
-147
-31
66
167
218
208
166
172
127
50
-35
-90
-143
-186
-238
-260
-279
-268
-278
-309
-304
-324
-308
-331
-360
-372
-326
-292
-256
-178
-49
55
185
333
473
642
766
871
964
1062
1147
1223
1277
1302
1357
1353
1313
1103
935
725
590
267
-100
-424
-653
-899
-1196
-1331
-1421
-1386
-1420
-1270
-1181
-963
-702
-406
-220
-53
205
460
608
659
760
840
850
790
782
751
721
697
631
552
473
465
412
303
194
106
14
-144
-307
-452
-557
-685
-811
-893
-911
-894
-820
-795
-760
-637
-451
-363
-323
-178
-33
44
76
126
183
232
224
172
127
120
91
31
-49
-142
-183
-220
-286
-361
-383
-357
-383
-388
-339
-273
-209
-131
-50
67
203
307
410
534
660
739
877
945
1032
1116
1291
1343
1370
1426
1506
1453
1205
1012
855
721
253
-127
-450
-661
-1067
-1290
-1439
-1515
-1570
-1463
-1305
-1217
-928
-599
-271
-141
101
405
641
700
754
887
942
885
853
848
767
730
721
671
571
532
560
503
392
277
225
97
-89
-284
-408
-533
-713
-834
-909
-942
-1017
-1044
-1025
-924
-854
-731
-571
-442
-289
-80
97
160
299
410
459
406
410
362
313
216
91
0
-58
-158
-264
-280
-336
-360
-363
-343
-346
-285
-170
-112
-63
44
142
212
323
397
489
590
689
769
888
997
1061
1268
1360
1446
1439
1580
1429
1208
1017
951
588
106
-245
-505
-870
-1286
-1424
-1567
-1609
-1694
-1488
-1368
-1166
-877
-450
-204
-69
237
582
711
702
833
933
894
791
790
751
678
664
639
592
522
533
550
498
395
320
256
106
-94
-282
-408
-591
-788
-921
-1028
-1158
-1215
-1175
-1144
-1108
-965
-748
-618
-452
-207
17
149
276
399
477
518
478
431
367
261
117
22
-81
-213
-271
-293
-369
-428
-378
-332
-328
-282
-205
-122
-40
35
122
201
286
334
407
509
562
638
718
798
868
1007
1162
1268
1418
1467
1510
1395
1265
1059
948
599
173
-238
-510
-900
-1313
-1495
-1622
-1658
-1748
-1591
-1445
-1177
-892
-520
-250
-20
246
544
714
756
862
940
900
771
750
713
649
603
557
491
455
482
477
456
380
316
257
118
-64
-231
-377
-571
-765
-932
-1079
-1219
-1282
-1290
-1249
-1188
-1064
-885
-696
-479
-250
-19
157
290
413
494
506
469
420
337
213
86
-22
-129
-245
-309
-375
-404
-410
-370
-331
-253
-168
-63
22
78
152
211
273
315
340
410
495
518
579
669
791
919
1047
1211
1397
1537
1513
1406
1338
1315
1129
733
333
30
-339
-820
-1153
-1366
-1513
-1683
-1698
-1680
-1522
-1230
-866
-573
-380
-74
297
548
627
752
897
932
841
781
758
713
659
608
535
465
497
533
521
455
419
412
342
192
41
-74
-226
-438
-650
-807
-983
-1148
-1258
-1282
-1319
-1260
-1123
-984
-834
-612
-336
-150
44
234
372
441
459
441
424
339
198
86
-22
-145
-288
-342
-403
-471
-482
-444
-424
-378
-282
-169
-86
-11
65
163
273
336
402
490
585
673
808
956
1117
1245
1436
1559
1734
1739
1595
1419
1381
1226
721
224
-73
-412
-954
-1359
-1560
-1707
-1877
-1882
-1819
-1668
-1426
-1014
-689
-501
-234
200
520
593
679
883
973
880
835
830
797
734
699
632
553
574
622
611
521
442
407
357
178
-35
-165
-318
-538
-775
-930
-1084
-1242
-1327
-1314
-1295
-1236
-1083
-891
-723
-524
-273
-57
84
227
359
407
403
363
328
254
129
1
-85
-183
-310
-375
-393
-410
-418
-368
-343
-335
-259
-178
-129
-71
6
68
160
212
267
344
457
529
606
734
867
981
1131
1266
1408
1575
1703
1680
1496
1298
1200
1028
546
58
-245
-538
-1026
-1430
-1522
-1613
-1748
-1720
-1635
-1455
-1204
-813
-519
-318
-54
313
597
668
739
926
992
897
803
791
775
710
680
598
549
563
588
560
487
432
387
308
146
-50
-176
-299
-511
-740
-868
-947
-1085
-1165
-1183
-1102
-1038
-958
-812
-648
-484
-321
-167
-34
83
190
239
206
203
202
172
54
-42
-87
-128
-245
-333
-355
-357
-387
-393
-368
-328
-263
-201
-126
-75
26
128
228
316
423
562
661
764
843
962
1115
1267
1398
1479
1555
1720
1650
1417
1171
1197
980
411
-54
-236
-574
-1100
-1421
-1491
-1650
-1800
-1704
-1641
-1492
-1263
-788
-542
-403
-110
346
596
620
686
933
990
876
837
864
845
769
756
657
590
602
629
584
455
387
354
292
100
-116
-201
-331
-561
-778
-877
-935
-1102
-1190
-1181
-1140
-1096
-996
-832
-697
-523
-297
-103
37
178
319
381
354
356
346
313
154
35
-27
-126
-281
-355
-383
-438
-493
-494
-480
-456
-391
-332
-262
-214
-154
-47
51
113
169
285
417
475
574
703
826
921
1078
1236
1342
1412
1504
1679
1604
1356
1111
1118
891
358
-123
-313
-679
-1176
-1481
-1573
-1726
-1852
-1768
-1708
-1536
-1304
-859
-605
-436
-161
286
551
583
673
900
962
854
797
819
782
714
674
591
528
531
543
502
419
333
299
245
93
-116
-219
-329
-534
-742
-849
-923
-1058
-1161
-1169
-1121
-1078
-964
-841
-701
-569
-377
-213
-84
24
157
237
252
231
238
234
118
15
-42
-114
-236
-326
-372
-422
-477
-462
-445
-411
-357
-290
-225
-161
-93
2
99
151
216
323
417
490
552
682
803
892
985
1143
1250
1321
1398
1553
1548
1367
1099
1003
929
490
3
-272
-484
-960
-1304
-1461
-1510
-1668
-1606
-1569
-1417
-1234
-859
-522
-354
-142
199
515
569
600
775
915
844
763
748
765
688
639
568
501
497
499
498
422
351
317
283
163
-61
-178
-262
-442
-667
-786
-851
-975
-1092
-1125
-1113
-1058
-1008
-905
-772
-651
-498
-342
-185
-97
27
114
119
98
120
112
23
-74
-123
-176
-263
-352
-413
-400
-442
-471
-479
-439
-405
-346
-294
-260
-178
-67
26
95
177
262
365
447
510
617
758
872
982
1101
1243
1344
1440
1566
1501
1281
1085
1082
854
354
-62
-236
-578
-1050
-1337
-1377
-1535
-1666
-1618
-1531
-1370
-1144
-768
-529
-350
-80
320
531
555
663
872
913
802
760
816
779
697
644
591
559
555
547
506
435
400
367
320
183
8
-56
-192
-394
-615
-694
-764
-927
-1027
-1049
-1032
-1004
-955
-828
-707
-572
-417
-237
-91
25
168
241
240
262
302
271
182
96
32
-42
-140
-231
-254
-276
-332
-371
-342
-303
-270
-231
-185
-162
-86
-4
60
109
184
290
362
431
507
644
780
874
1006
1187
1312
1398
1513
1636
1545
1357
1171
1153
912
435
40
-130
-514
-988
-1244
-1279
-1478
-1642
-1547
-1452
-1321
-1121
-720
-511
-348
-61
307
485
540
663
857
853
758
754
816
747
623
602
559
515
517
538
522
446
412
375
313
168
14
-54
-199
-422
-609
-689
-780
-922
-1015
-1052
-1053
-995
-920
-833
-718
-539
-407
-269
-130
-38
68
138
131
126
148
125
18
-65
-118
-185
-257
-321
-349
-388
-425
-452
-445
-407
-360
-329
-291
-252
-207
-167
-123
-107
-41
45
98
152
254
384
483
602
718
875
1021
1168
1268
1369
1486
1460
1285
1074
996
851
413
-37
-288
-566
-984
-1320
-1421
-1552
-1678
-1653
-1601
-1466
-1253
-930
-688
-519
-268
62
313
375
448
646
723
656
583
605
609
532
497
425
407
432
424
374
312
290
261
195
73
-96
-188
-284
-490
-718
-815
-874
-1007
-1093
-1149
-1151
-1095
-1005
-935
-841
-699
-539
-410
-279
-181
-76
8
28
27
43
49
-62
-140
-210
-289
-355
-398
-460
-516
-539
-547
-552
-526
-487
-473
-430
-386
-346
-282
-215
-199
-140
-58
-1
52
134
262
350
455
564
698
851
988
1067
1177
1263
1380
1416
1260
1050
922
885
511
21
-252
-415
-827
-1211
-1369
-1434
-1578
-1604
-1534
-1409
-1236
-950
-676
-529
-318
4
286
371
400
556
695
659
572
576
601
542
477
412
393
421
427
395
345
317
318
279
192
24
-73
-148
-317
-532
-657
-727
-854
-951
-979
-980
-934
-871
-760
-674
-564
-393
-247
-137
-29
93
189
210
219
214
218
161
77
60
-1
-86
-140
-149
-192
-235
-232
-234
-241
-193
-132
-104
-70
-24
25
95
136
168
250
320
379
462
559
663
755
888
1021
1143
1303
1437
1545
1624
1756
1816
1685
1472
1338
1267
934
461
193
-23
-428
-823
-978
-1098
-1269
-1308
-1268
-1175
-1010
-729
-474
-311
-99
205
479
598
641
795
919
853
756
778
805
722
653
621
585
596
612
582
541
517
514
487
397
222
101
13
-181
-426
-565
-640
-788
-931
-986
-984
-975
-915
-827
-711
-603
-440
-277
-133
-38
78
207
229
227
241
267
169
81
-4
-89
-184
-267
-314
-362
-430
-466
-465
-451
-466
-441
-395
-360
-336
-280
-222
-194
-164
-99
-20
26
85
179
303
385
501
619
771
901
1060
1192
1319
1395
1524
1571
1432
1240
1141
1053
712
262
-1
-197
-602
-963
-1137
-1197
-1381
-1395
-1363
-1276
-1091
-812
-583
-441
-224
62
320
401
445
605
730
674
618
647
706
631
566
548
537
554
561
542
498
483
478
436
328
159
60
-35
-228
-443
-569
-639
-782
-907
-923
-894
-825
-751
-622
-489
-361
-197
-35
88
175
246
285
290
230
200
175
77
-54
-124
-198
-288
-355
-389
-417
-446
-457
-439
-423
-413
-408
-367
-342
-339
-295
-258
-220
-186
-124
-56
23
109
201
302
388
466
569
676
792
877
996
1079
1186
1278
1372
1289
1128
998
951
757
374
90
-88
-359
-754
-932
-1027
-1135
-1269
-1242
-1210
-1063
-900
-678
-522
-355
-103
151
309
366
502
644
682
625
636
700
692
602
567
547
551
530
506
469
425
413
369
288
154
37
-19
-157
-355
-489
-537
-641
-795
-840
-808
-774
-706
-608
-471
-319
-154
-2
156
286
384
472
487
440
388
351
243
70
-66
-177
-340
-465
-566
-617
-670
-696
-682
-643
-589
-562
-482
-434
-386
-329
-265
-235
-213
-145
-75
-36
18
115
202
281
363
458
571
674
760
881
1004
1094
1153
1236
1305
1340
1223
1054
876
819
578
185
-98
-295
-591
-914
-1052
-1166
-1259
-1310
-1251
-1223
-1066
-853
-653
-514
-326
-83
158
289
355
483
602
592
543
557
568
520
460
423
385
386
377
340
273
247
221
179
110
-14
-103
-153
-307
-479
-569
-625
-732
-827
-827
-799
-738
-649
-533
-410
-263
-74
90
224
332
419
504
500
475
417
369
218
73
-50
-168
-314
-445
-524
-625
-665
-710
-704
-710
-637
-626
-558
-508
-456
-416
-361
-305
-288
-211
-181
-140
-105
-9
52
132
226
340
443
530
634
741
869
943
1043
1122
1216
1233
1277
1206
1043
864
787
628
251
-29
-217
-442
-799
-935
-1057
-1126
-1242
-1194
-1155
-1042
-860
-680
-499
-349
-124
88
263
287
388
500
535
474
473
490
484
425
393
383
386
383
339
302
275
260
232
162
46
-44
-95
-188
-344
-446
-505
-583
-679
-728
-709
-661
-601
-521
-401
-272
-123
28
164
278
385
479
544
524
506
483
423
301
165
73
-66
-195
-315
-396
-500
-555
-614
-635
-650
-656
-647
-632
-614
-596
-545
-509
-484
-455
-381
-332
-287
-230
-164
-89
-23
75
172
258
332
406
508
597
667
734
801
862
924
963
1014
1018
1049
918
752
653
592
379
88
-107
-276
-498
-764
-871
-1001
-1056
-1101
-1067
-1062
-923
-761
-611
-477
-294
-89
74
200
248
387
482
508
465
489
493
439
374
338
319
290
256
216
166
144
144
98
36
-57
-122
-183
-297
-431
-509
-551
-638
-717
-732
-686
-640
-580
-488
-386
-239
-93
39
177
308
417
502
544
556
558
528
455
330
239
119
-15
-150
-287
-393
-470
-558
-630
-683
-716
-739
-729
-711
-700
-658
-625
-575
-527
-437
-365
-297
-238
-156
-78
-28
47
122
189
245
308
365
431
478
517
567
608
679
732
790
852
888
932
986
996
862
759
681
607
325
98
-72
-251
-526
-716
-807
-922
-973
-1019
-988
-927
-734
-612
-448
-301
-86
111
256
351
425
562
607
558
522
544
510
435
378
349
316
290
254
193
176
181
141
97
41
-26
-57
-103
-216
-310
-317
-373
-454
-467
-451
-400
-358
-296
-211
-86
46
153
263
388
488
570
626
659
667
657
635
538
448
365
249
142
18
-113
-209
-274
-352
-396
-445
-472
-495
-494
-474
-474
-461
-428
-391
-376
-304
-266
-211
-167
-94
-40
27
79
121
188
227
282
306
366
385
412
447
456
478
509
532
539
585
624
684
724
792
849
758
711
666
629
450
263
70
-54
-273
-485
-642
-743
-799
-855
-847
-863
-690
-577
-447
-335
-122
38
179
282
367
497
571
571
517
505
460
403
302
261
180
164
114
48
23
48
42
-5
-28
-58
-57
-93
-167
-226
-234
-259
-316
-331
-324
-331
-285
-247
-194
-90
12
102
184
284
368
442
484
510
508
497
452
360
283
210
104
0
-85
-173
-244
-299
-339
-401
-410
-403
-421
-411
-395
-388
-371
-334
-308
-289
-259
-249
-231
-207
-170
-158
-122
-98
-80
-56
-34
-22
-7
18
35
35
39
66
84
111
124
153
183
225
268
317
395
473
558
623
736
789
750
673
667
617
450
293
169
54
-176
-289
-458
-562
-572
-599
-678
-640
-507
-419
-339
-238
-100
15
151
174
281
364
393
352
366
356
299
285
234
171
134
151
84
46
42
63
34
13
-5
-15
-3
-55
-133
-145
-160
-234
-273
-279
-300
-297
-230
-206
-181
-96
-7
50
124
225
305
366
401
407
426
450
399
332
291
224
147
72
3
-75
-112
-135
-201
-215
-213
-229
-226
-217
-205
-193
-183
-198
-203
-195
-176
-193
-185
-169
-168
-143
-124
-121
-109
-47
-44
-18
11
34
23
25
23
6
12
-5
-49
-65
-72
-109
-122
-132
-136
-137
-112
-113
-60
17
93
180
273
374
475
577
700
799
797
776
720
740
624
503
336
239
27
-140
-269
-382
-400
-439
-510
-571
-469
-426
-343
-290
-168
-89
17
73
127
251
282
266
266
282
235
221
184
131
106
133
111
59
55
91
67
59
49
8
10
-28
-92
-131
-134
-194
-231
-253
-273
-256
-232
-210
-192
-133
-68
-27
31
102
157
221
275
290
323
335
295
262
241
191
134
96
36
-28
-56
-83
-144
-184
-181
-186
-206
-198
-202
-184
-151
-144
-134
-103
-91
-98
-79
-66
-68
-77
-68
-88
-66
-48
-51
-53
-48
-30
-12
-22
-20
-3
-1
9
-8
-3
-13
-26
-62
-88
-92
-124
-126
-140
-164
-154
-131
-123
-97
-59
-26
8
36
72
110
148
149
179
198
221
212
216
215
194
180
143
118
83
46
18
-12
-22
-40
-67
-68
-77
-87
-82
-75
-78
-72
-63
-46
-54
-41
-44
-39
-38
-37
-29
-6
34
48
50
55
86
109
130
152
185
196
221
249
256
250
251
251
241
239
206
176
127
106
54
8
-39
-54
-98
-120
-134
-158
-126
-100
-99
-94
-42
-30
3
35
69
98
115
113
135
161
164
143
149
162
131
125
112
83
95
93
58
48
30
11
4
-3
-26
-30
-19
-23
-41
-31
-31
-30
-11
-4
-7
11
39
39
60
84
94
92
119
131
136
148
119
106
107
93
73
67
34
-1
-18
-28
-63
-76
-107
-108
-136
-144
-142
-136
-121
-105
-109
-112
-100
-108
-86
-92
-71
-70
-55
-45
-36
-25
-13
4
22
43
51
60
66
81
91
97
84
90
86
78
91
83
72
61
67
55
52
66
82
54
49
41
11
21
2
-24
-38
-63
-87
-94
-116
-132
-154
-167
-180
-182
-183
-192
-189
-187
-192
-175
-161
-158
-139
-140
-124
-101
-82
-52
-32
-17
7
19
34
49
80
91
110
134
176
212
238
284
307
305
300
294
282
264
219
182
109
62
-3
-79
-101
-151
-173
-212
-217
-213
-204
-199
-184
-155
-124
-100
-70
-49
-25
9
1
17
32
22
14
15
-4
-5
-12
-26
-47
-54
-67
-74
-78
-106
-122
-135
-148
-169
-178
-188
-190
-197
-191
-179
-164
-131
-110
-91
-55
-40
-30
-15
15
31
37
40
24
40
33
17
12
3
-13
-29
-43
-61
-70
-90
-90
-113
-126
-134
-156
-149
-160
-166
-162
-147
-173
-163
-151
-144
-136
-128
-111
-90
-73
-77
-62
-74
-74
-55
-56
-66
-77
-86
-107
-104
-119
-129
-128
-129
-125
-121
-137
-151
-151
-150
-140
-148
-141
-148
-151
-139
-126
-122
-124
-113
-121
-123
-112
-126
-131
-135
-136
-127
-123
-123
-124
-126
-117
-132
-130
-138
-148
-166
-183
-180
-190
-188
-188
-184
-186
-181
-199
-188
-180
-178
-154
-159
-138
-127
-127
-108
-111
-107
-102
-101
-107
-112
-114
-114
-106
-116
-133
-130
-151
-163
-150
-166
-163
-155
-161
-166
-170
-171
-161
-169
-161
-147
-137
-131
-119
-105
-109
-113
-118
-136
-132
-120
-124
-130
-136
-129
-123
-123
-123
-107
-107
-116
-126
-120
-116
-116
-113
-117
-115
-110
-125
-119
-111
-125
-129
-139
-148
-157
-153
-162
-165
-186
-187
-184
-182
-181
-179
-176
-189
-193
-189
-186
-179
-166
-151
-156
-160
-157
-172
-157
-153
-150
-150
-136
-126
-123
-124
-118
-91
-92
-83
-73
-68
-67
-66
-64
-49
-50
-33
-46
-40
-25
-14
-2
1
2
3
8
10
15
15
19
27
39
56
57
44
56
61
62
63
77
99
95
96
95
91
99
105
124
112
108
87
92
95
74
80
79
70
78
73
82
91
95
105
97
106
104
131
131
123
146
144
156
168
177
189
180
179
170
168
164
144
159
149
152
150
159
151
176
169
175
189
166
156
148
145
139
150
145
140
151
157
160
150
133
129
124
125
136
127
124
129
124
136
145
144
135
144
150
139
128
136
151
141
130
119
129
131
140
126
127
139
129
141
129
123
116
115
110
87
77
70
75
65
63
73
72
72
77
90
94
113
130
127
136
141
135
151
147
135
130
143
141
127
126
121
120
111
108
113
121
130
129
135
141
140
146
152
161
150
161
171
182
191
177
198
192
200
211
208
205
209
207
213
195
181
191
198
186
180
175
182
178
172
177
176
177
174
197
187
185
188
177
192
204
201
209
210
196
196
199
190
177
178
173
165
170
151
155
154
148
141
136
131
125
128
129
128
121
119
130
123
128
131
115
135
135
139
135
137
133
121
118
118
107
90
95
91
84
80
75
60
58
47
56
62
49
47
59
65
64
74
68
66
88
79
80
82
63
54
55
58
56
54
52
62
62
48
48
40
26
27
24
29
34
38
26
13
12
17
12
9
-3
-5
-6
-4
10
14
12
5
24
29
29
36
36
42
41
41
58
58
45
56
56
58
50
42
46
37
42
27
21
25
14
22
15
13
17
2
0
1
-2
1
-3
-11
-8
3
-14
-13
-18
-25
-10
-25
-26
-27
-31
-48
-45
-60
-67
-60
-61
-58
-57
-50
-54
-36
-36
-31
-27
-21
-17
-24
-26
-18
-25
-13
-34
-34
-19
-33
-19
-18
-29
-29
-29
-30
-26
-25
-42
-49
-39
-54
-49
-43
-39
-38
-42
-34
-26
-8
-9
-6
-18
-19
-23
-25
-25
-39
-44
-48
-34
-29
-24
-23
-44
-31
-24
-39
-44
-48
-49
-47
-39
-37
-28
-33
-30
-13
-20
-31
-23
-27
-33
-15
-26
-32
-14
-10
-6
-2
2
6
12
18
14
10
-5
-13
-18
-25
-43
-63
-68
-74
-76
-66
-78
-82
-80
-83
-68
-75
-77
-65
-54
-40
-31
-30
-17
-31
-27
-25
-38
-49
-46
-34
-36
-35
-38
-31
-22
-31
-38
-30
-31
-30
-23
-22
-33
-29
-30
-22
-22
-24
-29
-30
-28
-42
-45
-44
-34
-47
-30
-19
-21
-12
-15
-8
-24
-5
-4
-2
9
8
34
16
18
25
35
34
44
38
36
53
46
58
53
50
55
50
52
47
42
25
18
10
3
12
10
14
22
21
18
33
40
40
25
26
27
25
36
35
32
29
37
15
15
14
14
14
6
6
6
9
-9
-14
-24
-21
-24
-25
-30
-29
-31
-29
-21
-29
-29
-43
-29
-35
-43
-39
-36
-41
-39
-29
-30
-19
-32
-26
-21
-17
-30
-15
-7
-8
-22
-11
-14
-20
-17
-42
-43
-45
-35
-40
-45
-48
-58
-55
-53
-45
-46
-44
-32
-33
-26
-23
-13
-10
-1
6
12
2
-7
-1
4
13
10
13
8
5
12
18
19
6
6
5
9
21
16
21
24
21
15
16
9
6
3
-4
-10
-5
3
-4
-9
-8
-3
-7
-17
-23
-35
-34
-43
-51
-50
-58
-60
-65
-84
-89
-79
-73
-68
-72
-82
-68
-71
-70
-60
-66
-73
-74
-68
-76
-60
-51
-43
-40
-43
-46
-47
-51
-49
-40
-49
-48
-48
-45
-41
-61
-57
-48
-41
-48
-56
-64
-65
-55
-55
-58
-49
-35
-38
-36
-31
-26
-18
-11
9
14
14
24
15
13
15
15
10
14
20
19
19
15
12
13
2
-10
-9
-2
-15
-22
-19
-16
-4
-4
-17
-22
-21
-10
-17
-15
-8
-7
-2
7
19
18
19
8
16
3
-12
-14
-18
-29
-28
-28
-35
-40
-64
-64
-76
-96
-102
-106
-112
-116
-110
-118
-107
-91
-85
-83
-85
-69
-58
-67
-55
-39
-32
-24
-9
-8
3
10
15
20
27
17
7
10
10
12
9
-4
-4
-2
9
-2
-4
0
-2
9
15
21
8
16
11
18
13
23
40
50
50
53
61
72
79
82
87
74
83
68
68
70
66
63
65
64
72
65
55
54
51
55
44
47
56
46
37
61
64
72
71
70
78
78
85
91
109
107
96
97
100
95
89
93
111
109
104
114
104
94
89
90
93
90
90
90
79
70
75
68
67
66
82
75
63
61
50
55
52
56
63
76
64
68
70
75
80
93
88
92
91
82
77
60
63
59
55
57
63
57
46
39
44
44
37
40
32
16
35
45
47
50
44
41
39
46
46
38
47
45
47
36
44
46
30
35
26
34
31
28
27
22
26
26
36
32
31
17
23
16
15
9
-2
-1
0
20
12
1
7
-2
3
0
2
7
8
17
17
24
32
37
24
20
32
25
20
15
18
19
24
23
15
3
-4
-14
-20
-17
-18
-25
-35
-29
-31
-17
-11
-13
-18
-23
-28
-25
-19
-17
-4
-7
-6
-18
-5
-8
4
-1
-14
-13
-18
-7
-9
-11
-33
-21
-29
-24
-24
-21
-4
-11
-10
-3
14
13
24
15
25
31
30
32
29
34
45
54
47
68
63
48
49
61
69
76
84
64
75
69
76
94
73
71
58
53
