SAMPLES:	5254
BITSPERSAMPLE:	16
CHANNELS:	1
SAMPLERATE:	16000
NORMALIZED:	FALSE
-1
-6
-3
-1
-2
-1
-8
-1
0
0
-7
-18
-10
-25
-26
-36
-27
-35
-46
-56
-58
-41
-34
-27
-32
-30
-27
-25
-23
-13
-6
-6
8
18
13
19
25
32
35
38
35
18
25
19
10
0
-5
0
-6
-9
-3
-9
-20
-15
-19
-7
-11
-16
-19
-23
-25
-29
-26
-20
-34
-35
-35
-31
-32
-32
-27
-25
-21
-22
-30
-38
-38
-30
-23
-22
-16
-13
-8
-13
-15
-16
-1
-7
-2
5
7
25
29
38
39
40
35
28
36
45
45
49
34
45
41
37
30
7
4
1
-5
-16
-13
-13
-17
-37
-23
-30
-27
-32
-35
-11
-17
-12
-6
-22
-21
-25
-30
-39
-36
-31
-42
-39
-39
-23
-19
-13
-4
4
2
-1
1
6
0
-2
-11
-4
7
-7
-12
-17
-21
-33
-50
-42
-53
-61
-62
-60
-56
-60
-65
-65
-70
-75
-84
-95
-75
-82
-88
-84
-77
-63
-62
-57
-49
-58
-56
-46
-43
-53
-54
-35
-31
0
0
3
12
15
20
23
31
30
24
28
30
24
33
28
5
-9
-33
-48
-61
-64
-69
-66
-76
-78
-75
-68
-67
-77
-72
-68
-73
-79
-83
-79
-70
-75
-76
-73
-64
-72
-78
-81
-86
-91
-84
-90
-72
-63
-50
-57
-61
-38
-36
-22
-19
-9
-2
8
19
25
31
27
35
33
28
14
21
27
18
17
19
15
0
7
-7
-18
-32
-46
-46
-55
-52
-46
-59
-75
-57
-61
-63
-53
-52
-58
-61
-60
-48
-49
-59
-52
-47
-53
-60
-44
-34
-25
-19
-17
-7
2
15
16
25
24
25
30
34
40
32
19
17
9
-5
-8
-14
-26
-35
-44
-50
-53
-77
-87
-103
-117
-106
-110
-104
-109
-103
-95
-95
-91
-80
-74
-57
-35
-12
4
21
25
41
60
65
69
74
81
77
73
60
60
47
40
21
7
-10
-25
-24
-28
-39
-45
-52
-55
-56
-74
-75
-71
-73
-82
-86
-87
-85
-83
-68
-69
-77
-78
-73
-75
-88
-70
-64
-76
-52
-56
-53
-37
-33
-24
-17
-15
-19
-27
-19
-20
-3
-9
-15
-4
-6
-13
-23
-28
-32
-31
-36
-30
-17
0
11
20
40
52
63
75
82
95
93
96
91
89
60
52
26
11
4
-17
-35
-52
-56
-77
-82
-87
-71
-70
-73
-58
-51
-47
-47
-27
-14
-13
-10
-9
-26
-29
-28
-20
-31
-41
-27
-32
-26
-33
-22
-19
-15
-17
-4
1
-3
-3
-10
-28
-37
-26
-36
-29
-36
-39
-58
-67
-58
-50
-56
-62
-71
-61
-54
-52
-45
-34
-9
8
25
29
52
69
86
102
99
112
113
114
115
99
100
77
70
60
40
21
0
-13
-28
-48
-65
-65
-53
-68
-63
-55
-61
-56
-43
-33
-50
-59
-50
-55
-49
-59
-67
-70
-77
-85
-97
-105
-116
-101
-108
-112
-108
-111
-96
-89
-78
-61
-54
-44
-30
-18
-16
8
3
-4
15
9
1
7
14
15
22
28
26
28
40
53
60
57
73
80
78
73
60
45
36
9
-25
-29
-52
-76
-106
-133
-155
-183
-204
-207
-213
-210
-199
-196
-174
-160
-136
-102
-53
-31
13
61
97
126
185
224
243
282
290
313
330
341
343
334
315
298
265
260
221
174
136
100
84
52
26
-13
-39
-54
-94
-120
-133
-151
-146
-148
-148
-152
-168
-163
-153
-154
-162
-150
-142
-131
-125
-120
-111
-94
-81
-65
-56
-48
-34
-8
-1
17
29
37
34
26
38
28
4
-1
-11
-29
-37
-66
-82
-102
-104
-112
-111
-115
-107
-94
-74
-45
-36
12
61
122
165
231
281
320
335
371
410
416
414
395
392
345
310
236
203
124
76
17
-28
-74
-111
-115
-142
-159
-160
-141
-169
-159
-138
-103
-133
-153
-131
-109
-115
-124
-111
-114
-131
-135
-111
-141
-159
-133
-82
-90
-82
-64
-30
5
34
82
113
122
135
157
157
160
155
135
96
28
-9
-63
-114
-173
-207
-260
-322
-353
-354
-351
-346
-348
-314
-266
-216
-145
-77
-6
59
161
232
330
401
478
531
548
563
597
592
576
527
482
450
360
308
249
203
125
63
21
-11
-90
-106
-103
-130
-154
-172
-167
-187
-199
-193
-186
-221
-252
-255
-255
-264
-265
-265
-267
-272
-259
-234
-242
-230
-180
-127
-88
-47
8
75
116
160
213
241
231
225
239
222
196
164
139
70
10
-55
-106
-180
-243
-276
-330
-346
-402
-413
-399
-403
-386
-350
-304
-257
-195
-115
-36
36
123
202
280
346
409
488
520
549
565
600
596
575
533
502
457
402
358
301
243
154
107
69
15
-62
-90
-114
-140
-180
-194
-221
-261
-269
-272
-281
-335
-345
-330
-331
-354
-354
-339
-313
-304
-287
-239
-235
-215
-149
-94
-45
-15
23
90
121
164
205
233
225
220
242
229
201
168
134
82
10
-49
-106
-162
-213
-252
-290
-333
-372
-397
-411
-396
-381
-332
-289
-247
-191
-105
-14
66
147
245
346
411
511
575
655
673
700
705
739
716
681
635
583
521
451
403
326
258
156
113
72
12
-73
-113
-127
-157
-199
-228
-250
-293
-312
-324
-311
-348
-361
-349
-341
-333
-343
-317
-314
-306
-280
-238
-216
-224
-156
-84
-40
-8
41
115
146
191
228
250
250
237
238
217
173
127
94
35
-42
-114
-160
-228
-304
-354
-403
-451
-489
-481
-486
-504
-470
-424
-363
-303
-223
-143
-46
51
133
248
342
428
518
619
682
755
768
805
789
804
786
744
661
596
545
450
381
279
195
107
53
-17
-69
-163
-211
-251
-268
-295
-348
-377
-418
-428
-449
-432
-462
-484
-489
-455
-456
-441
-433
-392
-334
-302
-255
-233
-193
-125
-51
6
40
59
127
193
219
242
262
257
240
244
234
188
119
55
3
-65
-151
-215
-286
-347
-412
-456
-496
-525
-546
-544
-516
-507
-478
-413
-353
-289
-203
-98
7
82
188
305
418
517
594
676
751
825
854
879
863
876
860
807
720
646
585
480
404
286
203
100
11
-65
-129
-240
-315
-343
-378
-438
-489
-516
-545
-563
-570
-515
-542
-555
-536
-488
-452
-429
-410
-351
-303
-283
-230
-180
-139
-98
-8
63
114
133
179
250
290
296
317
310
291
281
257
230
165
90
41
-15
-114
-185
-272
-326
-382
-447
-491
-542
-576
-573
-549
-536
-515
-459
-372
-288
-221
-115
-3
78
178
299
421
493
584
692
749
824
878
959
977
966
922
932
898
837
743
674
596
483
411
299
199
61
-27
-107
-187
-326
-423
-457
-473
-532
-580
-602
-641
-643
-630
-579
-576
-586
-552
-475
-433
-401
-353
-302
-262
-220
-150
-105
-66
1
78
118
170
173
204
254
288
292
283
267
232
215
191
151
71
1
-68
-129
-216
-273
-331
-378
-419
-483
-523
-535
-532
-535
-509
-489
-454
-411
-333
-268
-189
-75
35
130
201
317
423
530
618
697
736
786
819
876
913
901
879
862
885
861
799
691
626
515
431
317
198
53
-78
-180
-260
-395
-532
-603
-648
-678
-730
-751
-799
-781
-759
-706
-665
-663
-635
-576
-491
-429
-384
-335
-258
-208
-150
-116
-81
-59
4
59
93
96
95
122
144
169
158
140
103
83
59
51
23
-27
-93
-121
-162
-232
-281
-334
-382
-437
-479
-500
-523
-566
-544
-533
-513
-497
-437
-374
-278
-179
-93
27
107
194
303
401
471
568
618
675
703
751
814
882
900
875
861
868
860
814
724
614
532
413
306
167
21
-125
-239
-358
-454
-584
-705
-742
-753
-761
-786
-811
-808
-764
-731
-655
-606
-568
-520
-429
-358
-301
-281
-252
-186
-137
-106
-87
-75
-42
7
26
57
32
31
64
114
109
104
101
85
90
79
78
43
-20
-62
-72
-120
-174
-233
-293
-344
-413
-455
-492
-519
-548
-538
-508
-493
-456
-382
-285
-203
-92
17
130
228
316
394
468
516
571
596
634
673
706
771
826
849
847
840
840
852
812
749
636
573
465
362
202
79
-72
-190
-318
-414
-513
-669
-721
-735
-740
-765
-789
-789
-733
-672
-607
-541
-517
-474
-398
-320
-267
-242
-244
-175
-137
-127
-118
-99
-84
-51
-31
-2
-6
-33
-18
33
86
80
87
77
92
109
116
110
72
29
0
-8
-74
-124
-179
-211
-263
-314
-369
-391
-420
-407
-386
-364
-323
-266
-176
-71
32
112
208
306
394
443
523
600
633
696
733
772
804
874
912
899
883
865
861
821
740
633
565
442
346
231
119
-33
-154
-265
-330
-426
-554
-627
-640
-619
-657
-686
-696
-642
-611
-556
-502
-492
-478
-424
-337
-295
-278
-275
-215
-198
-164
-130
-115
-129
-89
-41
-11
-21
-29
6
43
91
60
60
53
55
67
63
52
15
-25
-51
-59
-118
-162
-205
-236
-276
-306
-330
-344
-362
-353
-314
-286
-245
-182
-106
-26
57
153
235
289
337
408
479
544
607
642
682
729
815
848
864
849
842
822
783
707
625
522
407
264
129
27
-95
-234
-348
-416
-527
-631
-681
-668
-682
-702
-719
-711
-661
-629
-569
-521
-491
-494
-431
-392
-336
-328
-323
-281
-256
-255
-239
-222
-225
-175
-146
-105
-101
-70
-39
35
53
50
62
66
77
64
80
60
27
-31
-36
-70
-135
-194
-224
-252
-316
-378
-421
-418
-416
-404
-372
-318
-274
-202
-103
-20
54
121
203
261
312
366
445
505
586
633
694
758
829
870
888
860
862
844
816
721
638
550
442
314
195
66
-77
-192
-298
-379
-492
-582
-635
-630
-637
-648
-670
-640
-593
-584
-530
-496
-472
-474
-408
-374
-329
-334
-315
-279
-249
-265
-246
-203
-201
-158
-128
-74
-79
-56
-15
50
64
58
82
95
90
96
98
80
49
-13
-40
-84
-138
-198
-228
-275
-331
-357
-402
-400
-406
-387
-342
-284
-224
-137
-30
62
148
237
323
385
432
509
582
656
709
767
824
917
981
1020
1016
1015
1015
980
951
854
786
667
583
451
328
181
32
-95
-195
-282
-400
-476
-516
-529
-573
-593
-632
-625
-615
-594
-553
-541
-525
-516
-474
-464
-457
-478
-451
-424
-418
-442
-410
-396
-373
-326
-279
-221
-199
-121
-35
74
108
140
197
220
234
259
260
229
205
172
158
97
48
-1
-21
-74
-115
-156
-172
-173
-156
-108
-72
-5
57
158
261
345
421
502
577
631
662
717
790
824
829
875
915
969
982
990
956
973
939
913
807
725
617
526
383
226
100
-75
-192
-327
-410
-549
-643
-703
-695
-725
-743
-761
-732
-685
-675
-607
-572
-525
-520
-455
-413
-372
-373
-320
-267
-243
-239
-206
-166
-154
-119
-74
-36
-36
32
86
124
155
171
214
222
220
220
233
199
170
129
84
20
-45
-91
-158
-224
-289
-326
-353
-385
-399
-381
-343
-306
-254
-143
-60
9
88
177
257
315
373
440
508
587
625
709
757
855
901
934
920
945
953
935
853
747
685
548
452
283
178
-5
-123
-254
-340
-460
-574
-642
-654
-664
-708
-697
-695
-625
-611
-544
-510
-477
-457
-380
-348
-325
-324
-305
-240
-236
-233
-208
-174
-172
-118
-90
-44
-49
-18
48
99
123
133
187
211
234
229
228
210
196
134
108
52
-44
-106
-180
-267
-348
-382
-423
-460
-500
-483
-458
-427
-365
-295
-204
-119
-34
58
117
185
236
308
367
436
497
580
638
748
828
860
900
921
962
953
917
810
788
662
541
380
262
115
-30
-158
-268
-341
-491
-554
-589
-584
-633
-635
-629
-573
-569
-536
-466
-455
-426
-392
-307
-295
-258
-249
-174
-142
-117
-102
-55
-29
-4
41
61
100
102
159
195
229
220
257
269
265
258
240
227
210
174
129
95
23
-28
-79
-143
-239
-306
-359
-385
-426
-448
-417
-372
-334
-245
-139
-21
76
194
288
342
406
459
538
591
670
708
781
835
931
976
1012
1016
1046
1060
1025
944
840
779
663
551
383
283
124
23
-98
-180
-316
-432
-460
-483
-518
-597
-606
-620
-585
-582
-538
-521
-523
-502
-443
-407
-412
-401
-368
-282
-295
-286
-266
-217
-182
-146
-106
-90
-71
-38
14
40
70
72
127
126
128
107
100
63
17
-36
-91
-139
-215
-251
-342
-380
-462
-486
-500
-501
-517
-495
-431
-388
-329
-233
-122
-23
91
166
225
260
298
340
387
406
453
481
550
604
707
735
775
775
814
815
796
714
624
577
462
358
194
95
-92
-189
-335
-425
-584
-701
-727
-745
-775
-846
-820
-823
-745
-731
-675
-652
-618
-566
-486
-435
-423
-366
-341
-288
-283
-253
-238
-177
-152
-107
-64
-25
18
83
146
173
219
243
288
275
277
255
263
212
185
120
59
3
-71
-136
-215
-275
-365
-388
-434
-441
-456
-421
-381
-301
-212
-129
-23
62
179
253
320
338
391
428
486
497
543
613
667
758
820
955
957
1028
1015
1073
1090
1081
1009
929
868
739
653
487
369
185
82
-71
-137
-270
-355
-386
-415
-434
-483
-458
-441
-365
-356
-295
-281
-239
-202
-137
-124
-116
-116
-117
-81
-82
-101
-109
-75
-86
-53
-41
-15
15
65
112
141
168
184
221
226
218
198
174
119
81
9
-59
-129
-218
-292
-382
-460
-546
-588
-636
-645
-673
-659
-620
-556
-460
-356
-230
-126
5
110
196
217
265
290
313
308
322
361
416
507
552
685
741
813
829
883
933
942
883
808
781
659
561
406
298
123
-11
-163
-262
-402
-530
-605
-645
-691
-740
-745
-750
-694
-679
-630
-599
-541
-519
-431
-389
-374
-341
-328
-279
-257
-241
-242
-193
-180
-150
-128
-87
-62
-17
34
108
143
179
230
263
268
288
293
253
224
162
117
42
-33
-129
-217
-323
-401
-472
-534
-583
-647
-649
-632
-587
-523
-427
-315
-197
-79
25
142
174
218
240
255
242
245
246
277
337
400
462
571
626
675
750
791
852
835
805
727
698
574
499
349
211
55
-72
-205
-330
-461
-621
-676
-721
-756
-817
-833
-822
-749
-716
-681
-612
-579
-525
-467
-409
-390
-359
-364
-293
-269
-276
-271
-226
-194
-170
-139
-105
-58
-27
29
87
133
165
246
283
308
327
352
352
318
269
186
128
49
-37
-129
-218
-339
-404
-462
-541
-605
-627
-623
-597
-564
-506
-389
-278
-158
-24
96
156
237
267
294
275
271
264
280
315
346
419
465
614
651
729
769
845
865
888
813
772
731
631
536
391
286
113
13
-139
-233
-391
-523
-584
-593
-646
-692
-688
-649
-562
-557
-493
-444
-379
-325
-235
-211
-185
-166
-128
-89
-73
-84
-87
-44
-39
-22
-15
11
29
73
112
175
193
227
265
286
269
273
294
263
216
126
78
-1
-84
-195
-280
-389
-490
-585
-658
-735
-815
-822
-837
-826
-788
-700
-597
-450
-349
-215
-101
-19
50
79
74
56
31
2
20
37
81
138
244
319
458
539
619
646
746
766
778
712
685
640
555
432
283
166
-2
-124
-281
-379
-554
-666
-706
-720
-781
-822
-796
-763
-693
-678
-623
-566
-503
-476
-395
-368
-361
-313
-270
-237
-253
-266
-239
-181
-190
-166
-152
-122
-98
-54
16
75
117
151
218
240
259
272
311
282
241
193
129
72
1
-89
-179
-293
-381
-446
-511
-575
-647
-636
-612
-575
-541
-450
-309
-179
-39
94
214
274
336
343
336
282
232
225
209
199
235
299
361
460
540
700
769
853
893
972
1003
999
947
869
838
708
587
404
263
61
-70
-229
-360
-512
-667
-731
-754
-799
-845
-816
-800
-735
-709
-644
-581
-530
-484
-420
-372
-340
-292
-232
-177
-162
-145
-121
-55
-48
-3
22
70
107
171
221
307
373
409
491
527
559
587
623
611
579
528
483
419
335
244
136
34
-77
-168
-277
-369
-437
-508
-534
-556
-550
-510
-422
-322
-227
-104
4
99
172
218
219
164
121
94
63
70
70
120
179
265
338
471
568
708
790
856
899
959
1014
990
953
842
780
649
528
334
187
4
-149
-317
-457
-581
-726
-769
-787
-794
-844
-807
-773
-691
-629
-573
-494
-441
-388
-326
-246
-238
-220
-195
-155
-172
-185
-185
-146
-120
-111
-95
-35
11
65
157
233
301
347
432
476
494
486
506
498
445
360
279
209
96
-25
-150
-265
-379
-484
-598
-676
-757
-804
-799
-802
-786
-723
-631
-524
-420
-302
-165
-49
18
60
62
35
-12
-67
-136
-175
-212
-176
-130
-69
19
146
280
425
539
693
801
857
887
922
931
882
796
674
607
457
310
121
-31
-219
-359
-500
-617
-752
-858
-860
-852
-864
-901
-847
-780
-695
-644
-580
-498
-460
-422
-370
-342
-361
-364
-359
-347
-386
-410
-409
-381
-395
-374
-346
-280
-203
-132
-20
70
172
286
401
490
558
615
682
690
668
619
573
506
409
286
150
9
-141
-264
-389
-514
-641
-694
-742
-779
-795
-753
-671
-585
-494
-382
-243
-131
-33
49
74
56
33
13
-8
-29
-24
7
107
179
311
452
624
760
907
1037
1161
1279
1283
1341
1306
1313
1201
1122
930
824
636
446
247
26
-159
-349
-488
-655
-736
-873
-913
-906
-891
-899
-863
-808
-719
-640
-595
-519
-467
-422
-383
-314
-303
-252
-234
-157
-119
-91
-31
79
190
259
354
456
555
625
726
792
840
849
881
890
869
822
748
657
531
359
194
77
-79
-207
-311
-397
-506
-572
-612
-635
-675
-695
-658
-628
-583
-521
-417
-312
-221
-148
-34
26
55
71
38
-10
-79
-154
-215
-269
-304
-290
-251
-194
-107
3
146
283
413
531
627
729
822
889
890
904
849
853
781
694
546
468
325
160
-2
-130
-254
-384
-448
-519
-549
-633
-608
-559
-522
-535
-521
-488
-446
-419
-406
-375
-380
-373
-347
-298
-322
-315
-296
-253
-263
-262
-235
-186
-120
-75
21
113
206
292
415
508
578
641
707
751
766
752
756
729
635
563
475
388
274
168
58
-51
-168
-255
-315
-370
-419
-439
-425
-415
-394
-333
-246
-175
-97
-24
66
121
162
205
207
168
101
45
-20
-87
-144
-139
-154
-152
-110
-49
67
184
301
386
514
577
671
707
731
705
638
594
527
481
359
267
115
53
-81
-185
-307
-397
-490
-578
-640
-718
-766
-810
-772
-739
-731
-735
-682
-632
-586
-551
-525
-496
-473
-460
-439
-425
-437
-414
-378
-352
-360
-334
-312
-255
-256
-221
-168
-93
-13
60
170
243
326
392
462
481
509
506
513
490
417
330
264
187
83
-11
-131
-218
-287
-349
-397
-425
-446
-442
-408
-357
-322
-249
-153
-84
-11
89
156
195
213
192
162
80
25
-46
-107
-160
-203
-204
-226
-180
-147
-62
-5
64
127
194
259
293
350
407
452
487
522
525
532
503
518
464
427
325
279
202
111
-18
-91
-155
-240
-274
-349
-381
-414
-393
-372
-355
-364
-340
-282
-230
-191
-142
-93
-63
-24
12
62
76
88
111
158
146
156
169
210
239
259
298
346
381
429
506
540
574
571
608
591
603
564
530
496
428
356
291
248
154
92
-4
-69
-162
-226
-281
-327
-370
-404
-405
-413
-406
-384
-326
-279
-201
-130
-47
12
80
129
143
126
90
43
23
1
-17
-12
-29
0
2
42
76
121
148
188
227
245
279
291
335
354
412
424
483
476
525
527
569
537
509
454
378
370
274
230
163
156
125
140
119
106
98
111
117
129
96
64
43
45
47
37
66
39
6
-53
-102
-172
-231
-271
-307
-320
-311
-248
-191
-116
-52
31
77
144
193
240
299
346
351
351
338
304
289
272
239
183
138
95
73
37
20
26
31
45
70
63
-23
-159
-302
-412
-509
-530
-515
-440
-297
-91
192
571
948
1227
1279
1080
759
503
375
278
86
-263
-534
-551
-229
336
1040
1745
2193
2257
2020
1695
1406
1190
1084
988
873
715
561
391
226
83
64
104
219
311
400
457
529
594
562
555
461
387
270
186
78
21
-22
-8
2
-12
-41
-91
-106
-111
-88
-78
-94
-117
-145
-161
-154
-172
-179
-212
-264
-291
-313
-313
-319
-302
-319
-321
-306
-269
-244
-200
-158
-156
-160
-165
-162
-148
-137
-155
-181
-204
-223
-237
-224
-248
-259
-333
-380
-436
-462
-498
-536
-563
-613
-649
-680
-660
-673
-658
-685
-679
-681
-654
-633
-604
-577
-576
-552
-538
-515
-487
-432
-371
-328
-266
-180
-117
-44
3
17
0
-52
-106
-160
-190
-174
-68
127
405
664
849
910
908
817
768
730
745
750
779
846
934
1085
1148
1195
1148
1044
848
619
417
336
432
591
708
672
506
277
98
-28
-75
-77
-85
-95
-125
-144
-158
-143
-87
35
193
332
422
476
469
397
281
141
-10
-88
-176
-215
-237
-259
-268
-264
-240
-202
-145
-112
-90
-77
-51
-46
-32
-30
-45
-82
-124
-175
-230
-282
-349
-404
-488
-560
-610
-655
-687
-714
-726
-712
-719
-689
-658
-609
-568
-527
-506
-495
-486
-494
-479
-502
-501
-512
-533
-519
-512
-497
-477
-441
-398
-351
-316
-272
-216
-157
-103
-44
-6
46
105
146
216
240
272
267
273
282
272
275
245
235
173
116
85
63
19
-33
-136
-214
-277
-335
-357
-406
-453
-504
-547
-542
-523
-491
-446
-446
-439
-407
-357
-290
-239
-194
-163
-160
-131
-90
-59
-23
-19
-11
-5
14
37
41
43
58
47
46
58
82
110
122
137
119
122
129
148
142
126
116
70
34
5
-24
-73
-139
-188
-243
-286
-297
-334
-340
-356
-364
-352
-343
-327
-301
-261
-260
-225
-194
-179
-149
-126
-132
-140
-158
-171
-177
-201
-223
-234
-233
-240
-235
-230
-219
-203
-191
-161
-143
-115
-107
-67
-32
27
91
157
201
212
238
237
271
251
260
221
179
125
81
60
26
-7
-43
-80
-129
-134
-141
-148
-141
-149
-147
-141
-117
-80
-73
-47
-75
-76
-70
-78
-94
-106
-105
-98
-12
72
195
278
337
383
400
401
397
395
378
363
341
343
320
316
279
229
180
130
79
17
-45
-99
-147
-204
-219
-250
-268
-301
-345
-387
-427
-460
-512
-539
-560
-568
-602
-660
-656
-594
-423
-129
195
491
715
909
1108
1284
1378
1324
1161
895
532
168
-212
-529
-697
-671
-523
-321
-110
55
203
273
301
290
297
331
393
508
677
858
1025
1159
1206
1207
1169
1119
1020
935
834
755
683
573
523
444
371
304
226
153
73
-45
-150
-220
-290
-357
-419
-470
-535
-596
-671
-723
-771
-803
-823
-832
-825
-805
-760
-717
-675
-620
-565
-524
-474
-434
-410
-380
-338
-316
-303
-291
-286
-265
-233
-208
-179
-157
-155
-158
-146
-123
-59
37
146
261
341
386
382
338
274
185
73
-32
-113
-193
-255
-316
-363
-385
-418
-432
-436
-430
-413
-401
-368
-339
-307
-289
-275
-285
-323
-359
-364
-322
-219
-94
28
132
231
325
410
459
470
459
524
700
879
971
953
921
965
1116
1301
1418
1434
1373
1310
1259
1220
1149
1055
922
787
662
546
477
424
362
288
215
136
81
-3
-103
-214
-320
-417
-495
-569
-624
-667
-688
-727
-728
-693
-639
-582
-532
-480
-446
-393
-319
-270
-222
-175
-154
-137
-132
-112
-96
-100
-111
-137
-163
-171
-169
-166
-160
-175
-195
-193
-175
-142
-133
-125
-124
-132
-135
-125
-107
-112
-124
-126
-134
-142
-139
-144
-168
-171
-199
-210
-216
-236
-245
-268
-290
-319
-336
-364
-386
-404
-405
-408
-436
-440
-444
-445
-439
-444
-444
-445
-437
-431
-428
-411
-427
-425
-410
-417
-400
-382
-366
-347
-323
-286
-253
-216
-178
-138
-102
-81
-56
-39
-31
-38
-25
-14
-8
6
15
27
36
38
33
23
29
50
77
85
84
115
142
205
266
304
316
291
267
239
199
136
79
56
74
139
275
417
500
522
458
372
269
184
125
79
65
59
50
58
58
55
57
45
51
66
78
87
98
84
67
89
112
175
251
339
450
564
662
767
819
837
840
823
785
746
706
676
654
630
607
577
544
493
451
411
388
346
317
288
237
201
130
68
5
-63
-128
-178
-223
-260
-296
-339
-385
-421
-450
-474
-502
-537
-558
-573
-578
-574
-551
-533
-523
-500
-453
-422
-375
-339
-312
-269
-235
-191
-159
-124
-92
-84
-81
-65
-43
-46
-31
-14
-12
-7
-3
15
17
14
29
44
50
60
64
48
58
41
27
17
0
4
-23
-47
-72
-113
-120
-138
-175
-197
-227
-232
-249
-254
-252
-250
-242
-241
-233
-220
-197
-189
-175
-148
-131
-117
-93
-61
-44
-38
-23
-3
3
11
17
35
47
77
90
102
140
160
207
236
264
288
316
328
328
357
360
351
341
338
339
338
346
329
309
279
244
207
184
163
128
101
57
29
-3
-13
-24
-50
-85
-102
-123
-138
-140
-157
-161
-156
-160
-168
-163
-150
-155
-161
-165
-153
-147
-129
-114
-104
-105
-81
-65
-64
-57
-44
-41
-30
-21
-12
-10
0
35
38
52
77
80
90
88
100
124
112
110
87
88
68
57
53
24
16
13
8
6
31
43
63
82
103
118
145
175
195
205
217
235
262
275
287
289
283
289
303
293
273
270
255
236
219
194
179
146
121
106
76
52
34
23
6
-13
-21
-9
-22
-33
-34
-35
-38
-38
-25
-23
-25
-18
0
1
26
37
48
51
60
70
68
82
72
78
74
74
84
88
79
87
96
112
122
121
122
120
122
118
105
115
119
115
116
118
114
97
78
78
76
66
63
59
54
52
55
63
64
69
75
72
68
59
64
67
84
87
76
77
85
98
102
105
106
111
111
112
113
119
128
121
140
149
142
138
143
142
133
128
127
124
118
103
75
51
52
55
42
15
3
-11
-39
-34
-48
-50
-60
-80
-84
-99
-102
-106
-117
-112
-113
-100
-101
-94
-89
-77
-70
-71
-51
-57
-53
-36
-35
-35
-23
-41
-40
-45
-36
-45
-55
-59
-69
-60
-70
-75
-95
-114
-105
-106
-123
-118
-128
-138
-151
-152
-159
-171
-177
-171
-191
-198
-204
-217
-219
-225
-215
-207
-190
-183
-193
-184
-173
-170
-165
-152
-135
-129
-114
-112
-96
-81
-72
-74
-68
-65
-51
-34
-52
-43
-39
-32
-28
-20
-9
-2
12
22
31
39
46
62
84
104
121
129
137
165
186
186
195
211
212
207
200
181
196
150
131
94
54
40
20
-1
-15
-39
-69
-85
-112
-106
-120
-134
-144
-137
-129
-132
-118
-113
-122
-130
-124
-115
-108
-90
-107
-101
-94
-82
-69
-61
-56
-58
-48
-44
-32
-29
-19
-25
-25
-26
-40
-37
-52
-60
-56
-65
-70
-64
-68
-69
-66
-55
-68
-65
-70
-60
-54
-44
-40
-38
-34
-28
-24
-16
-9
-20
-14
-16
-16
-19
-13
-15
-25
-20
-17
-29
-44
-51
-41
-48
-49
-40
-30
-25
-24
-27
-20
-25
-34
-42
-60
-64
-69
-70
-77
-81
-78
-82
-88
-91
-89
-86
-93
-108
-112
-91
-89
-84
-80
-73
-72
-65
-54
-47
-52
-63
-50
-61
-83
-76
-83
-96
-110
-117
-115
-112
-132
-137
-140
-151
-135
-135
-123
-120
-118
-114
-115
-107
-114
-105
-106
-108
-103
-96
-99
-94
-92
-98
-95
-103
-103
-106
-112
-102
-98
-94
-86
-96
-102
-98
-89
-77
-82
-97
-93
-100
-101
-94
-93
-100
-96
-91
-83
-102
-109
-119
-117
-129
-142
-143
-152
-141
-131
-117
-117
-118
-106
-104
-104
-82
-79
-86
-74
-65
-68
-71
-53
-77
-72
-60
-59
-53
-64
-57
-59
-62
-66
-64
-61
-60
-67
-55
-66
-64
-62
-61
-56
-58
-60
-77
-81
-86
-89
-82
-77
-83
-85
-83
-81
-84
-90
-98
-109
-119
-118
-113
-99
-95
-94
-84
-95
-84
-69
-93
-88
-80
-74
-77
-80
-78
-86
-82
-94
-99
-101
-117
-98
-86
-103
-88
-75
-88
-85
-84
-93
-95
-91
-97
-91
-98
-88
-76
-68
-71
-79
-69
-83
-65
-69
-81
-81
-78
-74
-80
-72
-62
-48
-45
-47
-39
-35
-34
-30
-23
-25
-34
-33
-37
-27
-23
-26
-21
-24
-22
-29
-23
-23
-14
-17
-29
-18
-19
-19
-19
-15
-29
-35
-29
-18
-20
-9
-11
-19
-16
-12
-4
5
6
-2
3
5
12
9
1
7
20
24
16
11
16
3
7
3
8
14
-5
-4
-12
-8
-17
-16
-14
-22
-25
-33
-41
-43
-34
-37
-47
-44
-42
-33
-37
-47
-34
-20
-31
-32
-21
-19
-27
-27
-20
-22
-7
-12
-20
-6
-1
-9
-4
-9
-8
-5
-6
2
8
13
13
23
20
33
19
8
3
0
15
13
23
29
22
24
22
18
22
28
19
17
22
35
51
52
69
59
64
