SAMPLES:	3932
BITSPERSAMPLE:	16
CHANNELS:	1
SAMPLERATE:	16000
NORMALIZED:	FALSE
15
24
25
29
19
15
21
22
32
21
14
17
14
9
21
13
6
-7
3
6
5
2
-7
-1
-7
-2
7
1
11
18
12
21
28
40
31
45
51
42
31
20
14
3
7
11
12
16
3
3
19
10
0
2
14
22
25
18
25
23
19
19
30
35
24
15
12
16
18
15
-1
14
11
2
-1
-17
-31
-16
-14
-7
4
3
5
11
14
2
4
17
16
7
20
17
7
10
5
12
10
8
14
9
6
4
16
15
13
20
18
17
23
17
18
12
8
20
11
19
16
17
17
15
6
7
7
5
1
7
21
27
34
23
13
-5
-3
15
29
26
19
13
19
18
14
17
-2
-6
-13
-14
-15
-14
1
12
15
11
20
17
10
-8
0
-5
-5
-8
-6
-5
-12
2
-5
6
4
-6
10
7
14
0
-8
5
6
8
17
33
39
30
30
30
14
16
7
9
11
4
20
0
9
26
3
-1
-7
-4
0
12
25
26
32
32
33
16
7
15
6
15
4
3
3
10
15
11
5
9
15
3
8
18
20
23
25
26
37
33
31
34
43
41
42
47
39
44
45
44
42
41
38
27
24
25
29
28
12
9
17
19
10
20
22
9
16
32
41
34
30
32
24
34
41
42
26
30
28
23
22
18
32
29
23
23
17
12
7
-1
18
25
34
28
20
29
30
31
33
29
10
9
13
10
9
-5
-4
-3
-17
-11
-27
-13
-12
-32
-45
-65
-122
-186
-208
-253
-265
-308
-315
-331
-268
-226
-191
-118
-28
53
72
121
119
127
121
103
45
-27
-78
-97
-119
-104
-75
-27
56
135
207
306
404
521
598
663
699
735
756
709
556
349
260
94
-50
-257
-347
-444
-508
-511
-534
-499
-351
-139
-95
-77
28
186
234
234
263
263
202
193
243
178
95
130
155
71
-42
-31
-20
-83
-174
-220
-311
-411
-445
-507
-596
-676
-652
-642
-639
-595
-466
-346
-249
-139
-17
117
205
293
348
372
387
433
424
381
344
356
365
345
387
449
510
560
639
654
634
600
566
462
304
123
-49
-237
-413
-569
-703
-761
-773
-693
-616
-489
-311
-87
93
231
384
501
543
550
556
514
417
318
230
123
16
-50
-94
-146
-179
-206
-213
-215
-231
-240
-259
-285
-313
-348
-399
-445
-454
-437
-414
-388
-316
-226
-136
-45
56
162
231
292
336
342
312
265
199
128
21
-59
-121
-198
-250
-283
-269
-240
-181
-103
-20
81
204
328
453
571
691
821
915
989
1005
1012
923
798
617
460
283
55
-153
-354
-486
-642
-703
-753
-724
-672
-562
-476
-382
-248
-89
31
106
201
259
286
311
350
358
338
346
372
351
302
307
329
275
232
177
106
17
-81
-182
-308
-411
-486
-543
-593
-607
-587
-514
-443
-334
-189
-49
113
244
351
445
515
573
588
567
535
477
396
315
223
138
33
-44
-124
-205
-281
-339
-379
-441
-513
-560
-585
-617
-603
-606
-587
-554
-493
-416
-346
-252
-147
-68
11
80
130
186
215
225
219
211
192
176
136
115
121
135
176
234
302
407
564
719
861
916
958
923
827
666
490
284
2
-238
-473
-687
-883
-927
-921
-864
-755
-581
-399
-223
-3
226
397
474
552
592
549
481
423
331
223
118
57
16
-31
-8
32
48
74
103
134
126
70
18
-70
-202
-305
-425
-531
-615
-644
-643
-602
-510
-375
-217
-30
146
325
483
594
689
721
715
663
563
439
295
128
-25
-163
-313
-407
-503
-539
-559
-564
-570
-582
-559
-551
-543
-530
-516
-506
-509
-481
-431
-391
-296
-230
-137
-40
59
148
222
297
363
405
431
480
489
521
549
587
617
728
851
951
984
1009
934
809
661
522
310
-1
-267
-504
-734
-973
-1045
-1093
-1083
-1007
-824
-689
-513
-256
42
253
390
556
685
725
707
713
652
524
417
365
272
147
108
122
86
41
54
78
61
30
-15
-72
-167
-257
-337
-458
-568
-628
-645
-663
-620
-523
-384
-221
-58
129
316
481
633
735
783
803
777
712
591
433
282
97
-75
-262
-436
-539
-652
-719
-792
-804
-817
-776
-735
-708
-645
-595
-528
-486
-416
-364
-262
-182
-98
-19
83
170
255
355
430
514
576
638
695
747
826
890
984
1077
1173
1203
1191
1131
984
782
610
417
95
-248
-535
-749
-1044
-1202
-1258
-1250
-1235
-1096
-902
-750
-535
-221
73
224
368
562
694
716
716
731
677
564
509
470
348
252
282
273
197
154
203
194
136
79
11
-103
-239
-336
-454
-594
-701
-752
-788
-797
-733
-606
-458
-309
-120
93
274
462
617
712
760
781
745
657
528
366
191
3
-162
-376
-538
-672
-777
-837
-865
-871
-878
-832
-786
-744
-695
-621
-561
-497
-405
-326
-207
-112
-12
98
218
337
460
593
701
795
905
1033
1144
1215
1344
1442
1495
1446
1367
1180
949
781
491
108
-324
-582
-868
-1174
-1401
-1426
-1456
-1428
-1308
-1121
-957
-727
-370
-115
30
176
431
570
584
615
679
667
604
573
536
468
433
480
483
389
375
430
432
328
238
155
53
-80
-229
-377
-568
-707
-789
-861
-924
-905
-797
-678
-549
-381
-190
0
209
328
423
504
551
533
450
372
254
140
-9
-162
-332
-440
-518
-601
-666
-692
-689
-658
-637
-611
-571
-518
-459
-431
-389
-334
-263
-193
-102
-26
85
229
373
511
631
796
937
1096
1225
1427
1566
1686
1709
1640
1465
1263
1136
822
424
-40
-288
-661
-1009
-1318
-1425
-1548
-1575
-1507
-1404
-1283
-1070
-708
-470
-321
-167
111
286
340
390
498
504
486
514
534
490
530
617
667
619
648
738
783
730
640
546
421
264
86
-103
-347
-547
-708
-847
-988
-1048
-1009
-939
-865
-759
-574
-382
-195
-65
74
179
258
257
257
218
145
96
-3
-112
-229
-268
-302
-354
-424
-409
-398
-357
-339
-343
-333
-309
-306
-318
-316
-299
-243
-158
-122
-75
61
209
359
489
659
836
1030
1273
1502
1639
1717
1684
1627
1471
1329
1038
698
288
-84
-438
-811
-1108
-1322
-1421
-1527
-1534
-1497
-1354
-1171
-889
-664
-476
-307
-75
120
212
291
364
400
398
420
445
465
508
577
621
638
685
772
839
835
775
726
629
496
322
118
-126
-374
-583
-777
-949
-1061
-1102
-1116
-1072
-987
-841
-709
-544
-397
-226
-126
-44
27
48
47
1
-36
-115
-184
-264
-291
-356
-368
-355
-344
-313
-292
-253
-205
-190
-176
-157
-153
-157
-142
-107
-73
-37
29
144
272
398
575
784
989
1251
1483
1664
1722
1719
1667
1565
1400
1097
705
270
-106
-531
-924
-1267
-1457
-1628
-1716
-1709
-1621
-1447
-1210
-913
-655
-455
-234
38
218
289
343
425
437
414
403
420
426
461
537
583
600
680
801
888
876
833
782
689
553
365
155
-86
-340
-576
-797
-1010
-1134
-1170
-1163
-1147
-1052
-901
-753
-595
-446
-265
-169
-89
-43
-3
5
-29
-63
-114
-191
-228
-258
-282
-320
-305
-264
-254
-238
-221
-167
-150
-153
-173
-174
-171
-138
-120
-71
-32
58
161
279
421
584
808
1045
1313
1516
1672
1733
1705
1634
1526
1342
995
578
159
-226
-671
-1032
-1344
-1547
-1736
-1825
-1815
-1726
-1530
-1288
-988
-747
-535
-286
11
188
290
373
463
456
435
452
453
449
487
549
576
622
712
813
872
837
795
742
651
516
335
116
-154
-425
-669
-902
-1101
-1214
-1270
-1271
-1254
-1172
-1053
-874
-711
-536
-409
-283
-176
-103
-44
-26
-40
-50
-63
-141
-164
-189
-197
-227
-238
-228
-208
-202
-183
-163
-150
-148
-146
-102
-70
-33
26
88
144
253
338
470
601
818
1041
1281
1483
1646
1675
1622
1587
1499
1333
963
587
188
-163
-630
-992
-1318
-1508
-1715
-1765
-1777
-1695
-1503
-1206
-935
-749
-508
-236
50
199
317
399
480
485
519
530
542
531
591
641
640
661
775
864
879
828
795
732
631
503
278
53
-187
-434
-677
-903
-1105
-1197
-1255
-1288
-1312
-1231
-1121
-982
-843
-692
-558
-427
-299
-197
-110
-44
8
15
17
-15
-11
-30
-39
-87
-113
-124
-172
-179
-177
-191
-177
-164
-131
-88
1
91
175
255
336
439
539
672
783
902
1030
1209
1381
1517
1497
1396
1305
1240
1090
781
409
89
-206
-593
-930
-1183
-1343
-1515
-1574
-1574
-1540
-1410
-1136
-867
-703
-545
-258
35
216
318
453
576
594
634
641
646
617
653
690
633
577
633
721
712
626
567
521
439
316
160
-19
-244
-420
-587
-790
-995
-1094
-1149
-1232
-1313
-1279
-1175
-1068
-949
-809
-635
-484
-322
-155
-3
87
164
225
246
200
167
138
60
-39
-87
-125
-187
-207
-219
-213
-189
-144
-74
14
108
219
310
420
513
609
708
790
856
930
1011
1122
1161
1248
1258
1141
932
870
863
596
170
-86
-275
-602
-938
-1124
-1203
-1426
-1466
-1411
-1356
-1351
-1110
-733
-552
-525
-278
75
285
329
478
656
662
676
734
773
675
678
788
732
565
554
645
647
470
375
338
272
136
-1
-122
-330
-500
-591
-719
-884
-985
-955
-939
-1033
-1047
-951
-813
-756
-682
-558
-474
-386
-250
-127
-86
-54
47
71
30
2
23
13
-85
-161
-209
-229
-265
-271
-244
-215
-188
-89
10
77
171
327
464
524
635
759
899
954
1046
1154
1284
1446
1516
1400
1179
1085
1074
898
414
11
-243
-480
-909
-1216
-1390
-1558
-1666
-1666
-1636
-1608
-1398
-988
-725
-666
-472
-101
248
339
415
561
659
668
686
696
641
640
752
733
606
544
651
739
629
474
386
342
243
93
-111
-329
-517
-637
-793
-1010
-1198
-1216
-1190
-1269
-1321
-1219
-1032
-902
-780
-648
-491
-304
-132
18
97
140
223
254
216
136
111
93
-22
-152
-230
-265
-310
-359
-362
-347
-346
-274
-187
-117
-13
114
243
320
393
517
653
705
746
812
905
973
1117
1212
1354
1341
1239
1084
1011
952
704
322
-29
-312
-705
-1001
-1270
-1384
-1651
-1726
-1723
-1654
-1592
-1307
-963
-722
-607
-297
47
299
429
575
766
748
771
792
822
737
701
721
658
527
523
568
583
443
359
304
221
94
-29
-174
-376
-571
-703
-839
-1018
-1115
-1142
-1170
-1273
-1240
-1119
-997
-898
-760
-606
-464
-312
-147
-19
61
114
158
161
107
71
34
-31
-168
-259
-307
-342
-375
-391
-370
-370
-329
-250
-156
-67
52
157
268
350
466
615
723
808
888
1009
1141
1213
1352
1414
1556
1488
1311
1067
984
829
472
-29
-339
-651
-1019
-1339
-1566
-1673
-1897
-1834
-1750
-1646
-1530
-1161
-766
-538
-437
-89
229
455
516
668
780
752
780
814
819
716
728
785
695
562
562
625
603
404
293
193
95
-78
-249
-431
-671
-831
-932
-1083
-1243
-1310
-1244
-1193
-1201
-1112
-930
-730
-578
-409
-235
-84
61
198
301
312
305
329
309
194
90
28
-35
-168
-262
-318
-351
-380
-372
-350
-337
-278
-202
-96
-12
81
201
310
373
458
563
674
760
837
958
1047
1144
1225
1367
1467
1528
1601
1523
1308
1101
984
809
383
-118
-449
-744
-1105
-1495
-1668
-1741
-1839
-1767
-1614
-1445
-1218
-847
-440
-229
-62
254
601
775
782
889
1000
966
923
895
874
783
758
771
698
617
619
673
624
451
341
271
148
-65
-289
-470
-679
-847
-981
-1107
-1202
-1236
-1202
-1164
-1110
-990
-792
-589
-453
-323
-149
-9
85
146
211
206
188
154
98
20
-53
-109
-189
-281
-347
-366
-370
-366
-370
-344
-295
-261
-212
-131
-40
24
94
193
294
413
530
616
721
836
983
1080
1234
1315
1435
1580
1701
1727
1512
1293
1110
1050
671
210
-261
-502
-943
-1276
-1598
-1682
-1842
-1804
-1706
-1611
-1428
-1090
-633
-357
-164
85
465
671
804
831
975
965
974
946
903
831
834
853
801
663
658
694
707
583
437
328
224
82
-128
-327
-532
-715
-872
-986
-1144
-1174
-1132
-1055
-1032
-932
-790
-557
-371
-228
-70
69
183
266
309
301
272
233
173
59
-24
-91
-150
-227
-294
-333
-345
-334
-350
-326
-307
-283
-253
-202
-166
-123
-70
-43
19
78
180
259
369
471
605
732
867
990
1130
1322
1495
1632
1758
1886
1790
1549
1357
1303
1018
495
-25
-392
-781
-1198
-1498
-1674
-1841
-1906
-1763
-1631
-1471
-1187
-712
-363
-170
43
418
688
790
848
945
939
891
884
835
767
729
787
766
662
636
717
774
686
541
448
356
219
4
-211
-446
-667
-831
-971
-1104
-1178
-1149
-1055
-983
-865
-685
-453
-252
-90
45
156
236
266
267
219
151
61
-17
-122
-227
-296
-319
-373
-423
-440
-415
-410
-382
-366
-344
-327
-301
-271
-246
-208
-156
-92
-26
59
147
288
386
518
647
819
964
1113
1253
1446
1622
1783
1928
1922
1710
1482
1415
1244
816
243
-139
-524
-966
-1377
-1581
-1767
-1915
-1905
-1783
-1655
-1438
-1017
-596
-374
-212
148
507
690
739
862
936
915
879
872
845
800
803
800
714
647
696
770
737
591
455
397
290
80
-132
-341
-543
-744
-925
-1085
-1198
-1237
-1184
-1151
-1096
-946
-702
-447
-270
-114
81
263
342
394
426
412
352
281
184
69
-58
-155
-256
-372
-460
-516
-520
-554
-578
-579
-562
-556
-544
-498
-437
-406
-360
-303
-249
-161
-60
54
155
264
408
540
655
768
927
1110
1246
1368
1504
1671
1811
1880
1751
1521
1319
1189
900
411
-72
-441
-816
-1244
-1556
-1753
-1840
-1889
-1811
-1703
-1491
-1185
-764
-435
-240
-5
320
549
660
717
784
821
776
762
712
704
697
696
635
591
581
637
666
593
468
391
318
169
-34
-248
-446
-661
-859
-1042
-1169
-1224
-1196
-1155
-1078
-960
-741
-490
-284
-107
69
239
365
421
432
438
383
291
159
45
-103
-210
-320
-439
-564
-635
-646
-683
-696
-692
-663
-654
-642
-622
-545
-498
-460
-421
-325
-254
-168
-40
60
171
276
435
560
669
784
935
1056
1153
1250
1369
1497
1599
1660
1657
1456
1251
1074
919
553
111
-285
-584
-968
-1293
-1479
-1593
-1674
-1694
-1549
-1426
-1192
-908
-542
-341
-131
126
411
573
650
726
789
783
734
718
689
684
653
657
606
584
601
647
630
530
417
331
231
61
-131
-323
-516
-712
-891
-1026
-1122
-1141
-1126
-1055
-969
-837
-634
-401
-190
-28
142
276
388
420
435
406
360
262
142
8
-120
-233
-358
-465
-588
-651
-684
-695
-699
-689
-685
-660
-636
-615
-568
-543
-486
-443
-396
-337
-260
-148
-39
69
168
288
389
479
585
675
743
812
900
1006
1059
1130
1205
1303
1342
1320
1147
989
834
715
413
40
-328
-594
-890
-1189
-1377
-1506
-1504
-1524
-1416
-1331
-1103
-818
-497
-283
-101
126
381
541
609
676
711
728
695
660
611
602
575
550
495
447
472
498
466
375
278
215
123
-22
-211
-385
-549
-699
-861
-992
-1056
-1083
-1050
-976
-877
-743
-514
-292
-112
52
228
392
468
508
518
506
421
322
194
61
-64
-194
-308
-453
-534
-599
-594
-609
-624
-629
-622
-605
-617
-586
-558
-530
-542
-519
-504
-451
-395
-323
-243
-171
-76
29
122
219
330
409
492
549
615
680
749
800
853
926
966
1039
1114
1149
1123
979
839
724
607
335
13
-277
-513
-801
-1043
-1203
-1300
-1362
-1334
-1246
-1138
-958
-690
-449
-285
-103
92
326
431
502
552
583
570
528
505
466
435
414
392
347
333
356
369
326
241
167
100
3
-130
-297
-429
-588
-727
-838
-935
-990
-990
-942
-893
-792
-646
-428
-218
-54
124
293
445
509
556
557
531
464
356
252
103
-18
-123
-257
-372
-468
-522
-541
-568
-590
-589
-585
-584
-574
-570
-573
-572
-573
-573
-566
-554
-496
-443
-374
-276
-177
-72
54
146
257
377
466
537
599
646
697
737
771
806
816
900
932
1009
1016
1079
1023
911
775
683
541
275
0
-290
-475
-757
-926
-1102
-1173
-1229
-1168
-1106
-996
-841
-604
-367
-218
-43
130
320
402
462
483
508
488
456
428
375
339
321
296
257
249
273
271
242
173
118
73
-4
-114
-246
-366
-480
-607
-706
-798
-853
-840
-810
-744
-668
-516
-343
-162
-19
128
280
427
517
575
582
578
541
456
359
235
123
1
-130
-271
-348
-436
-467
-536
-574
-593
-589
-588
-583
-571
-557
-545
-527
-504
-500
-453
-415
-358
-320
-239
-166
-44
26
104
181
265
337
374
441
466
490
486
504
500
504
528
550
585
641
704
752
795
829
778
703
607
546
337
87
-162
-328
-541
-770
-926
-1034
-1089
-1112
-1033
-951
-814
-637
-401
-243
-93
70
251
356
387
410
429
421
389
347
299
272
225
208
176
147
137
142
153
114
89
83
49
-38
-154
-232
-303
-400
-489
-576
-612
-635
-639
-602
-552
-458
-331
-181
-76
47
181
294
379
411
432
439
415
363
311
232
158
65
-15
-72
-148
-175
-196
-227
-258
-283
-289
-285
-295
-320
-345
-379
-407
-427
-432
-434
-433
-416
-396
-357
-293
-217
-148
-58
19
92
150
216
254
274
281
300
290
265
256
233
219
205
202
209
241
313
379
464
563
675
726
686
648
630
629
470
271
69
-84
-307
-485
-619
-749
-842
-847
-829
-788
-681
-532
-359
-266
-152
-1
155
226
265
291
305
294
250
210
181
142
122
126
100
106
142
191
209
192
191
229
213
137
56
-8
-109
-211
-328
-442
-527
-600
-632
-656
-666
-613
-519
-433
-346
-256
-132
-6
80
130
184
195
189
171
125
66
-4
-53
-129
-211
-246
-254
-267
-270
-265
-260
-231
-210
-198
-205
-221
-263
-309
-365
-439
-529
-600
-669
-756
-798
-814
-816
-794
-767
-702
-611
-526
-440
-341
-243
-198
-137
-103
-95
-110
-127
-156
-187
-228
-260
-274
-293
-284
-275
-242
-195
-148
-73
9
63
130
199
231
250
262
247
208
134
31
-88
-157
-264
-404
-479
-550
-642
-698
-699
-702
-688
-647
-592
-552
-493
-436
-364
-317
-293
-251
-235
-210
-227
-230
-211
-191
-183
-168
-155
-136
-106
-76
-60
-42
-34
-34
-28
-51
-90
-138
-169
-241
-316
-372
-429
-484
-519
-543
-552
-559
-540
-496
-462
-423
-359
-282
-242
-168
-129
-82
-43
-45
-31
-47
-68
-88
-99
-93
-106
-118
-114
-111
-103
-104
-92
-75
-74
-63
-69
-61
-74
-94
-97
-118
-145
-172
-191
-221
-223
-216
-214
-218
-198
-163
-127
-94
-69
-33
17
34
55
68
48
40
23
19
-9
-20
-58
-69
-93
-88
-79
-65
-53
-35
2
28
56
77
117
128
127
121
126
113
91
85
100
97
91
107
119
143
177
202
231
250
277
304
318
321
326
330
324
305
282
269
265
248
215
200
190
187
185
182
184
180
195
189
188
180
172
179
162
139
112
90
77
61
52
49
48
35
44
42
46
73
85
95
118
135
149
169
175
201
212
220
222
215
222
228
219
229
227
238
246
259
262
285
298
318
340
343
339
333
335
317
300
287
254
225
185
148
114
83
64
35
23
10
22
32
43
60
91
123
144
184
219
249
278
312
345
376
399
417
450
475
510
546
586
612
636
633
635
632
607
556
493
421
319
221
128
29
-69
-131
-185
-229
-257
-268
-247
-230
-191
-129
-66
-16
43
100
151
203
237
267
300
309
317
331
332
328
347
358
344
347
341
345
359
362
366
355
345
313
283
245
198
153
83
32
-28
-78
-104
-120
-135
-141
-123
-108
-82
-56
1
50
95
123
160
206
217
241
254
259
258
252
244
219
219
215
204
192
199
206
181
185
168
151
145
144
130
105
89
75
67
43
18
10
12
17
34
40
53
89
123
152
180
219
249
288
315
335
355
348
351
351
347
324
315
295
297
283
263
233
206
202
191
171
157
153
146
150
139
128
131
130
126
115
113
124
130
133
136
140
164
182
193
215
228
253
264
282
306
312
319
317
317
308
302
281
260
248
229
203
172
154
144
139
135
134
136
137
138
136
143
142
129
149
148
152
160
169
163
154
163
155
174
182
177
185
190
200
212
227
235
248
257
259
253
250
238
224
234
226
218
212
211
200
187
179
163
161
162
171
179
193
194
196
199
214
214
204
213
204
202
194
203
205
193
189
188
198
198
202
199
201
196
189
175
159
157
144
143
139
135
120
94
94
83
65
59
52
43
42
38
36
39
34
55
60
56
59
58
68
53
55
55
47
49
40
47
34
22
19
15
4
1
0
-16
-13
-20
-10
-28
-21
-23
-33
-35
-54
-46
-45
-58
-77
-75
-76
-63
-66
-60
-63
-79
-75
-56
-57
-56
-51
-59
-43
-42
-42
-34
-34
-36
-37
-29
-31
-32
-35
-35
-18
1
-2
8
23
26
29
30
29
13
1
6
-5
-2
0
-8
-15
-16
-13
-10
-19
-28
-22
-16
-3
4
7
21
29
23
44
46
46
48
42
53
63
53
44
37
26
15
15
16
15
4
-2
4
-12
-13
1
-7
-17
-25
-37
-33
-45
-49
-60
-55
-50
-33
-32
-47
-40
-34
-41
-48
-26
-26
-15
-24
-25
-6
-4
-1
-4
1
10
23
13
14
15
19
8
-4
-5
1
6
-7
5
1
1
11
7
7
14
10
17
26
35
39
52
70
72
75
91
101
