SAMPLES:	5131
BITSPERSAMPLE:	16
CHANNELS:	1
SAMPLERATE:	16000
NORMALIZED:	FALSE
23
39
26
19
27
36
21
30
24
12
22
12
9
-7
11
21
8
8
-9
-8
10
7
7
9
5
12
4
19
17
6
2
-12
14
8
10
14
9
15
22
11
7
-5
-26
-5
7
3
-5
-7
0
0
17
6
-6
-17
-11
-1
2
-5
-2
0
-12
-5
-1
5
0
1
12
3
-6
-8
2
3
0
-6
3
-4
-13
-11
-11
0
-9
-9
-21
-18
-23
-7
3
0
10
4
5
-2
4
8
-3
-26
-15
-23
-17
-2
-4
1
4
-5
-10
-25
-17
-5
-14
12
12
32
25
17
5
4
15
6
7
-7
7
7
-3
0
-5
8
23
29
22
20
10
16
18
12
5
7
3
12
9
-5
-14
-22
-16
-2
12
5
-23
-2
-12
-13
-4
-12
0
-4
26
16
18
9
7
21
-2
-8
-2
-14
-13
-12
-11
-21
-16
-1
-9
-12
1
2
1
22
2
1
-12
-12
4
15
10
11
-8
-4
-4
-34
-31
-37
-20
-30
-18
-33
-45
-21
-29
-1
-14
1
7
-16
-7
-13
-3
-20
-22
-20
1
-11
-22
-3
1
16
-31
-28
-30
5
-8
-21
-34
-55
-33
-41
-6
-2
-43
-46
-82
-40
-20
-11
14
-30
-6
-61
-261
-276
-264
-158
-53
-124
-128
-209
-209
-123
-47
39
33
64
77
91
132
107
101
98
150
170
166
123
95
79
74
83
105
116
56
18
-15
29
61
67
112
94
110
80
108
116
122
173
149
194
191
205
189
175
200
198
207
157
104
39
-5
-53
-81
-121
-184
-210
-261
-272
-283
-318
-332
-341
-301
-247
-193
-127
-104
-70
-74
-82
-75
-64
-59
-74
-89
-84
-124
-161
-160
-139
-61
-33
-4
16
77
128
127
158
182
254
277
290
396
452
498
488
471
443
382
136
199
333
453
414
223
174
141
-22
-216
-284
-319
-238
-251
-279
-328
-445
-470
-416
-308
-143
-62
-73
-96
-47
-9
41
43
49
87
20
-50
-113
-144
-161
-222
-217
-217
-260
-366
-422
-450
-443
-406
-392
-290
-262
-251
-236
-210
-135
-60
16
89
124
107
100
76
87
151
184
208
213
203
251
297
358
457
621
761
856
979
1068
1217
1147
949
712
420
-71
-227
-279
-206
-304
-622
-743
-894
-829
-659
-496
-305
-166
-23
130
204
296
403
489
562
653
634
554
393
229
125
24
-86
-224
-296
-397
-546
-615
-618
-627
-570
-390
-197
-91
-77
-17
98
218
361
458
481
465
459
394
310
229
176
111
77
-19
-159
-266
-355
-354
-376
-311
-302
-281
-238
-175
-279
-168
-63
57
127
21
-94
-430
-656
-752
-596
-533
-554
-695
-831
-858
-780
-650
-487
-345
-216
-80
1
69
55
84
178
299
437
492
500
473
659
848
1093
1110
1150
1196
973
851
466
406
304
188
10
-303
-442
-604
-761
-826
-760
-644
-485
-374
-241
-168
-17
133
341
496
641
696
675
617
553
457
336
233
150
-10
-176
-316
-463
-514
-606
-604
-574
-535
-464
-395
-255
-115
16
92
229
334
423
453
440
437
420
383
327
226
141
6
-89
-184
-237
-522
-970
-913
-789
-503
-450
-658
-787
-861
-765
-471
-318
-195
-182
-223
-170
-191
-146
-153
-196
-159
-152
-194
-267
-370
-330
-311
-251
-217
-122
-6
-80
-21
0
168
394
972
1025
1161
1294
1453
1948
2190
2186
1479
611
237
163
67
-67
-393
-796
-1357
-1437
-1351
-1252
-1185
-966
-561
-274
43
202
228
372
681
1049
1200
1191
1095
879
677
484
348
121
-110
-402
-602
-773
-987
-1064
-1017
-946
-822
-741
-551
-374
-222
-5
197
416
570
692
747
723
644
632
564
496
338
144
-37
-203
-352
-452
-581
-645
-663
-604
-576
-518
-437
-355
-248
-221
-92
-189
-223
-402
-301
-268
-246
-306
-469
-518
-643
-634
-629
-617
-624
-672
-689
-672
-698
-632
-601
-488
-363
-296
-205
-168
-92
60
223
373
508
613
747
862
1168
1424
1839
1925
2115
2193
1945
1393
749
187
-348
-341
-389
-497
-1133
-1653
-1611
-1618
-1276
-951
-641
-328
-144
260
476
577
725
915
1183
1282
1247
1063
746
477
281
128
-113
-397
-607
-808
-962
-1105
-1093
-1024
-920
-724
-522
-313
-223
-47
191
417
607
697
808
746
683
622
548
484
296
205
7
-174
-349
-483
-559
-644
-605
-606
-565
-522
-564
-510
-399
-237
-31
18
-127
-148
-313
-324
-257
-359
-296
-455
-511
-588
-730
-837
-969
-910
-789
-716
-711
-794
-819
-743
-581
-420
-238
-159
-60
22
132
237
318
437
543
764
975
1114
1214
1334
1651
1972
2100
2334
2068
1608
755
-375
-701
-576
-190
-304
-1060
-1501
-1878
-1762
-1358
-948
-480
-278
22
318
462
571
612
771
1076
1367
1396
1098
692
379
158
39
-123
-313
-611
-892
-1038
-1094
-1082
-1055
-962
-720
-497
-321
-173
-17
192
354
538
696
749
720
636
571
496
374
279
124
-65
-191
-372
-515
-581
-646
-633
-689
-721
-675
-591
-462
-379
-339
-363
-414
-363
-314
-198
-227
-272
-307
-379
-443
-648
-689
-711
-625
-622
-734
-808
-850
-796
-681
-570
-503
-411
-347
-271
-182
-109
12
131
245
423
460
566
599
720
1010
1210
1515
1649
1755
2022
2287
2508
2084
1143
112
-704
-509
-206
-168
-613
-1432
-1864
-1935
-1643
-1129
-847
-465
-156
156
379
386
500
630
960
1329
1454
1288
902
537
303
161
62
-157
-429
-717
-949
-1103
-1173
-1167
-1043
-860
-622
-434
-288
-143
-16
234
500
713
821
778
720
633
604
548
414
278
71
-73
-236
-419
-547
-670
-719
-739
-791
-800
-920
-723
-748
-668
-618
-665
-446
-493
-365
-384
-372
-392
-495
-402
-395
-412
-520
-665
-746
-726
-710
-677
-689
-719
-694
-654
-520
-397
-259
-136
5
180
354
528
694
832
1126
1388
1720
1874
1962
2210
2414
2807
2671
1981
1050
-261
-822
-661
-409
-372
-1186
-1787
-2093
-2191
-1771
-1336
-782
-326
10
442
551
591
733
971
1380
1711
1720
1437
941
549
299
53
-92
-327
-619
-935
-1247
-1362
-1388
-1373
-1163
-900
-650
-415
-289
-48
187
431
718
891
1013
970
895
828
678
532
366
260
89
-133
-353
-578
-746
-809
-847
-851
-1006
-920
-1054
-881
-709
-720
-531
-560
-358
-232
-217
-251
-332
-366
-278
-256
-258
-450
-650
-783
-847
-774
-780
-856
-874
-869
-751
-674
-555
-439
-324
-150
17
259
410
602
799
950
1195
1395
1561
1854
2042
2153
2435
2716
3218
2648
1478
-262
-1329
-674
-254
6
-903
-1824
-2354
-2582
-2047
-1423
-950
-490
-145
365
618
591
644
800
1343
1893
1988
1702
1104
655
381
217
123
-153
-540
-908
-1208
-1401
-1514
-1511
-1302
-988
-685
-506
-364
-176
57
377
697
968
1061
1052
1010
907
789
597
525
370
188
-29
-301
-541
-786
-841
-1070
-1165
-1109
-1158
-1145
-1189
-1104
-877
-704
-520
-408
-356
-246
-99
-11
-40
-94
-198
-208
-268
-369
-564
-765
-860
-899
-886
-861
-849
-812
-726
-613
-463
-342
-132
83
345
609
824
1010
1129
1305
1531
1869
2084
2262
2458
2666
3198
2818
1805
629
-673
-687
-644
-343
-461
-1581
-2107
-2541
-2201
-1649
-1298
-614
-321
111
528
521
694
814
1210
1674
1833
1821
1389
864
509
254
99
-127
-496
-764
-1117
-1447
-1526
-1601
-1417
-1179
-909
-619
-513
-293
-37
250
600
854
1075
1127
1085
1059
895
734
572
400
289
75
-196
-521
-843
-1182
-1505
-1531
-1520
-1313
-1253
-1247
-1189
-1082
-804
-532
-226
-72
18
79
78
35
-36
-140
-159
-210
-347
-567
-788
-909
-952
-911
-866
-808
-787
-700
-605
-382
-235
-60
239
479
742
977
1133
1295
1500
1765
2102
2352
2578
2727
3193
2984
2095
724
-537
-763
-533
-336
-520
-1499
-2354
-2711
-2473
-1799
-1403
-923
-490
-39
468
564
639
816
1202
1809
2086
2040
1626
1023
623
392
287
63
-418
-768
-1178
-1477
-1639
-1758
-1551
-1401
-1078
-773
-596
-395
-227
162
583
968
1203
1259
1248
1125
1046
907
741
482
208
-82
-395
-761
-1223
-1491
-1622
-1611
-1554
-1520
-1495
-1421
-1248
-898
-628
-349
-119
-23
148
190
245
189
61
9
-69
-183
-400
-646
-849
-962
-967
-950
-925
-944
-883
-771
-574
-328
-143
164
380
655
876
1082
1266
1596
1924
2081
2256
2371
2640
3026
3205
2585
1333
-54
-1005
-838
-578
-487
-1110
-2120
-2549
-2669
-2249
-1720
-1251
-719
-240
314
622
585
725
994
1524
2034
2167
1944
1338
831
526
280
95
-251
-632
-1052
-1488
-1690
-1861
-1883
-1681
-1341
-969
-724
-559
-290
-13
415
863
1146
1347
1336
1331
1231
1053
835
599
381
106
-319
-792
-1218
-1631
-1694
-1790
-1733
-1722
-1750
-1599
-1419
-1093
-760
-454
-172
34
222
361
327
309
221
191
142
-1
-191
-502
-710
-822
-878
-897
-951
-992
-888
-805
-590
-319
-158
77
347
630
959
1116
1440
1681
2055
2241
2503
2817
2949
3225
3218
2278
1007
-640
-1118
-636
-443
-470
-1709
-2512
-2970
-2871
-2149
-1613
-970
-536
-161
439
611
752
919
1343
2035
2358
2363
1940
1309
872
549
390
144
-260
-758
-1269
-1646
-1864
-2001
-1982
-1725
-1373
-1004
-778
-574
-301
53
602
1082
1393
1534
1503
1433
1304
1133
886
635
324
40
-349
-830
-1191
-1633
-1801
-1840
-1835
-1752
-1749
-1634
-1396
-1104
-723
-422
-159
63
234
388
401
395
341
213
157
33
-149
-441
-686
-878
-938
-964
-995
-1016
-1053
-992
-828
-536
-297
-54
258
483
738
1113
1312
1624
1816
2103
2471
2709
2919
3034
3024
2875
1968
929
-574
-1191
-960
-801
-780
-1865
-2577
-2980
-2833
-2128
-1548
-872
-443
-57
506
685
924
1158
1528
2077
2347
2359
1916
1305
869
513
290
2
-401
-863
-1320
-1670
-1931
-2049
-2048
-1748
-1333
-971
-702
-500
-192
166
654
1122
1407
1590
1575
1486
1337
1083
861
488
255
-53
-426
-856
-1385
-1655
-1788
-1846
-1771
-1738
-1628
-1548
-1341
-994
-689
-381
-123
123
305
396
425
397
328
248
179
34
-176
-411
-683
-846
-964
-958
-995
-1013
-1011
-948
-771
-474
-254
-69
160
370
724
1016
1302
1479
1790
2061
2354
2550
2687
2795
2744
3100
2883
1740
164
-1495
-1159
-762
-601
-1014
-2283
-2746
-3116
-2519
-1667
-1314
-693
-352
229
784
798
1042
1110
1607
2280
2449
2316
1639
1030
627
273
195
-66
-610
-1107
-1571
-1817
-2017
-2088
-1839
-1562
-1167
-806
-604
-371
-121
350
868
1254
1542
1614
1519
1363
1098
905
688
470
229
-236
-674
-1126
-1420
-1622
-1765
-1748
-1713
-1613
-1529
-1394
-1151
-925
-565
-214
31
206
291
342
343
346
324
221
88
-94
-302
-531
-711
-884
-922
-946
-992
-973
-938
-792
-696
-480
-241
-26
237
433
652
923
1164
1416
1697
1970
2237
2331
2367
2586
2773
2881
2742
2556
1559
46
-1437
-1496
-726
-577
-1116
-2061
-2649
-2829
-2451
-1603
-1028
-626
-141
323
813
904
973
1160
1538
2103
2345
2143
1530
874
482
231
36
-237
-637
-1098
-1528
-1804
-1936
-1963
-1788
-1433
-1057
-670
-443
-257
15
401
886
1233
1461
1512
1389
1252
1038
819
495
182
-20
-372
-692
-1157
-1456
-1631
-1821
-1734
-1657
-1473
-1344
-1275
-1030
-834
-554
-240
9
188
229
243
275
258
246
121
-44
-166
-389
-581
-772
-939
-943
-996
-964
-933
-922
-799
-659
-445
-202
19
262
406
681
1017
1151
1412
1503
1790
2088
2215
2435
2458
2483
2750
2704
2778
2108
833
-660
-1801
-1074
-605
-553
-1365
-2344
-2590
-2653
-2003
-1166
-692
-237
65
633
924
913
1068
1238
1734
2143
2239
1871
1189
585
221
40
-138
-388
-834
-1243
-1588
-1769
-1861
-1854
-1520
-1121
-708
-403
-215
-36
197
620
1072
1382
1485
1420
1204
983
684
562
316
55
-190
-590
-924
-1381
-1593
-1646
-1662
-1564
-1413
-1325
-1264
-1162
-906
-607
-331
-61
162
230
266
279
205
109
4
-1
-141
-343
-555
-813
-945
-1007
-958
-885
-937
-861
-808
-654
-411
-185
51
203
386
674
825
1055
1188
1441
1730
1860
2096
2115
2086
2486
2492
2881
2775
2498
2053
240
-949
-1664
-992
-378
-849
-1423
-2253
-2669
-2490
-2019
-1034
-610
-194
287
622
899
863
987
1293
1791
2180
2169
1689
1060
485
150
17
-152
-406
-833
-1276
-1542
-1784
-1815
-1690
-1412
-978
-625
-299
-183
-34
243
640
1047
1296
1421
1326
1081
888
660
470
211
-21
-201
-535
-868
-1301
-1601
-1634
-1606
-1423
-1271
-1177
-1156
-1111
-840
-501
-210
23
168
253
232
191
143
77
8
-47
-213
-422
-627
-828
-924
-997
-953
-944
-864
-773
-670
-568
-405
-215
72
280
534
742
853
997
1125
1314
1551
1680
1803
2041
2166
2201
2259
2365
2434
2445
2374
1885
446
-1128
-1748
-1111
-554
-716
-1403
-2061
-2468
-2273
-1588
-900
-474
-155
339
782
991
971
901
1092
1564
1972
2023
1569
931
343
-19
-113
-197
-457
-820
-1168
-1421
-1579
-1631
-1448
-1216
-844
-445
-150
-23
47
272
620
949
1214
1336
1257
1032
703
533
238
137
-156
-402
-659
-1104
-1313
-1556
-1563
-1462
-1353
-1190
-1131
-1061
-874
-661
-353
-118
72
169
128
75
27
-57
-69
-126
-216
-326
-514
-643
-793
-869
-856
-803
-694
-617
-512
-499
-380
-226
-44
125
249
498
685
833
844
959
1194
1452
1714
1847
1890
1962
1939
2262
2328
2505
2424
2441
1857
82
-1360
-1711
-780
-312
-626
-1239
-2059
-2418
-2188
-1482
-731
-472
-43
426
834
980
822
768
998
1567
2020
1977
1499
814
178
-102
-125
-133
-355
-765
-1101
-1379
-1574
-1531
-1351
-1057
-715
-364
-97
-52
28
277
599
937
1198
1332
1238
986
560
391
154
-37
-172
-499
-796
-1312
-1510
-1512
-1530
-1450
-1396
-1242
-1015
-900
-690
-562
-396
-107
52
170
128
-28
-98
-145
-142
-128
-257
-380
-543
-679
-748
-801
-692
-618
-546
-420
-432
-293
-218
-45
136
260
599
648
774
845
970
1283
1429
1677
1776
1851
1989
2149
2430
2522
2585
2404
2252
1645
-99
-1406
-1617
-594
-95
-812
-1462
-2319
-2512
-2084
-1327
-477
-437
-160
354
753
1018
837
838
1131
1618
2032
1914
1396
677
117
-68
-27
-101
-441
-868
-1192
-1368
-1481
-1453
-1297
-1101
-756
-320
-33
36
70
310
688
1002
1257
1354
1197
827
602
394
23
-149
-382
-385
-702
-1086
-1315
-1619
-1573
-1463
-1205
-930
-890
-769
-681
-543
-231
-63
141
269
248
151
4
-151
-227
-266
-338
-367
-517
-677
-818
-878
-810
-732
-598
-474
-423
-315
-221
-48
90
177
381
548
756
837
982
1023
1073
1254
1449
1704
1878
1970
2109
2189
2151
2259
2233
2458
1779
76
-1309
-1596
-591
-197
-674
-1237
-2028
-2280
-1960
-1294
-610
-575
-236
328
765
987
741
619
882
1349
1848
1821
1355
718
120
-38
-8
-110
-375
-754
-1012
-1218
-1364
-1345
-1259
-1048
-736
-334
-65
-30
12
214
530
847
1096
1196
996
682
505
322
213
0
-244
-392
-690
-860
-1016
-1231
-1354
-1442
-1245
-998
-845
-745
-776
-680
-462
-210
28
45
-61
-139
-192
-130
-125
-216
-327
-441
-422
-439
-550
-601
-718
-639
-455
-342
-199
-316
-257
-91
5
265
403
501
523
645
878
1096
1125
1226
1543
1627
1894
2125
2204
2418
2260
2162
2181
2078
1538
-110
-1434
-1300
-741
-370
-892
-1571
-2068
-2448
-1846
-1089
-591
-351
-209
293
716
880
872
801
1071
1507
1780
1710
1256
625
141
-51
7
-105
-489
-832
-1121
-1334
-1452
-1381
-1177
-999
-672
-309
-113
-88
1
293
614
906
1132
1166
885
681
516
469
266
10
-74
-402
-602
-917
-1177
-1230
-1372
-1170
-1103
-1026
-871
-913
-733
-592
-358
-119
-37
94
92
45
33
21
35
-25
-208
-322
-440
-570
-592
-681
-697
-663
-649
-536
-477
-418
-328
-197
-1
213
361
441
480
660
857
1043
1180
1289
1457
1557
1783
1831
1837
2089
2123
2292
2144
1846
1962
1027
-204
-1314
-1370
-389
-404
-716
-1359
-2105
-2041
-1772
-889
-347
-340
15
279
718
927
790
822
996
1434
1732
1585
1175
552
29
-89
23
-73
-403
-821
-1067
-1204
-1292
-1148
-1017
-854
-599
-284
-34
5
96
304
610
892
1046
1071
837
659
573
476
325
-7
-188
-422
-610
-772
-1053
-1149
-1224
-1130
-1031
-965
-872
-911
-856
-645
-364
-139
-83
-68
-61
-75
-78
-71
-119
-184
-283
-331
-375
-532
-648
-734
-690
-600
-552
-517
-588
-551
-453
-270
-46
50
156
293
401
628
831
1029
1189
1234
1389
1472
1778
1887
2027
2044
1975
1962
1805
2023
1744
458
-1050
-1741
-947
-406
-669
-1152
-1863
-2166
-2060
-1352
-594
-494
-345
47
603
1012
901
730
795
1167
1616
1750
1548
920
167
-165
-96
-7
-279
-750
-1029
-1208
-1334
-1300
-1179
-1047
-907
-534
-118
47
53
141
399
643
921
1071
1017
857
634
484
316
162
0
-237
-446
-679
-898
-1109
-1210
-1201
-1178
-1101
-981
-892
-853
-779
-640
-363
-188
-30
44
18
39
-20
17
20
-100
-191
-339
-440
-562
-664
-719
-748
-749
-723
-633
-596
-497
-430
-302
-72
174
395
511
595
652
939
1138
1382
1494
1507
1701
1749
1968
2144
2083
1989
1695
1747
1932
521
-1192
-1839
-1116
-193
-778
-1197
-1738
-2365
-2013
-1412
-556
-346
-445
139
612
1072
1041
668
843
1237
1651
1782
1504
965
162
-272
-96
-17
-361
-811
-1089
-1214
-1368
-1371
-1175
-1092
-922
-548
-118
116
93
172
443
757
1023
1167
1091
926
738
542
433
251
103
-107
-374
-576
-841
-1084
-1208
-1192
-1081
-991
-885
-790
-808
-738
-514
-222
-34
22
12
30
25
35
17
-55
-130
-224
-287
-378
-537
-700
-827
-818
-716
-624
-601
-663
-620
-510
-323
-187
-39
127
244
466
605
759
920
970
1170
1318
1455
1602
1614
1701
1813
1750
1571
1453
1467
1733
1437
-217
-1467
-1697
-774
-263
-835
-966
-1676
-1952
-1493
-936
-209
-387
-184
427
778
1143
784
561
764
1120
1527
1499
1206
583
-122
-314
-116
-137
-500
-792
-895
-971
-1139
-1113
-949
-895
-664
-260
107
201
133
219
457
765
994
1036
954
786
620
453
304
163
-46
-234
-404
-574
-787
-1036
-1092
-1071
-987
-852
-745
-653
-661
-584
-371
-182
-104
-52
10
74
89
19
-41
-138
-209
-205
-256
-356
-520
-710
-716
-695
-616
-563
-592
-529
-479
-321
-157
-97
38
151
271
483
621
791
899
981
1123
1253
1431
1544
1607
1669
1609
1518
1404
1488
1517
1599
826
-809
-1470
-1203
-348
-384
-923
-1086
-1712
-1649
-1148
-639
-250
-401
90
623
920
1034
620
583
891
1285
1543
1359
961
343
-167
-161
-21
-218
-577
-799
-868
-949
-1099
-1021
-933
-816
-480
-79
192
183
165
331
553
852
1056
1068
937
753
610
417
268
156
-40
-209
-393
-559
-798
-1075
-1116
-1040
-923
-778
-660
-647
-664
-543
-327
-112
-13
58
106
111
120
55
-28
-73
-113
-118
-161
-321
-489
-655
-715
-638
-578
-539
-529
-505
-422
-309
-170
-9
125
279
490
633
709
714
792
1009
1159
1429
1531
1520
1593
1419
1392
1334
1359
1513
1470
1189
-288
-1311
-1183
-555
-213
-694
-801
-1224
-1542
-1128
-740
-317
-276
2
614
897
1096
776
524
783
1162
1441
1360
1105
579
-39
-195
-78
-124
-478
-686
-721
-811
-959
-991
-885
-804
-534
-110
193
266
232
297
463
722
944
1019
983
858
697
488
359
261
106
-105
-289
-392
-544
-837
-995
-1041
-1045
-894
-706
-575
-631
-674
-554
-346
-147
67
90
70
45
-16
2
-56
-89
-145
-224
-286
-381
-528
-660
-718
-672
-573
-540
-457
-424
-361
-225
-110
83
238
341
557
673
809
871
971
1167
1288
1435
1497
1538
1433
1296
1302
1332
1455
1312
75
-976
-1195
-611
-158
-639
-769
-1201
-1508
-1172
-810
-352
-348
-198
374
717
980
823
516
674
1026
1314
1335
1101
691
105
-156
-17
-57
-363
-625
-731
-757
-911
-981
-910
-866
-611
-266
56
169
133
227
395
671
893
961
946
845
736
586
438
319
194
70
-86
-223
-457
-714
-921
-889
-816
-777
-703
-731
-716
-743
-548
-326
-186
-68
-1
96
112
97
48
-33
-98
-79
-99
-196
-371
-573
-684
-722
-662
-633
-674
-688
-676
-592
-495
-339
-164
-31
155
362
533
601
689
797
926
1111
1232
1297
1273
1336
1429
1364
1287
1277
1242
1416
725
-592
-1125
-950
-206
-414
-690
-816
-1431
-1352
-1019
-506
-227
-277
144
501
841
941
575
534
842
1157
1308
1209
927
366
-135
-104
-1
-200
-492
-644
-685
-806
-937
-894
-876
-731
-396
-67
183
183
152
257
474
770
916
929
906
830
688
515
395
286
140
39
-33
-150
-538
-819
-851
-782
-654
-630
-602
-662
-663
-543
-404
-261
-168
-85
-11
96
139
50
-63
-115
-94
-57
-91
-214
-414
-622
-688
-661
-607
-595
-639
-652
-598
-550
-445
-362
-242
-60
111
287
407
488
562
663
813
919
1006
1145
1091
1168
1225
1094
1147
1163
1343
1363
1221
283
-923
-1005
-445
-17
-366
-590
-891
-1297
-1104
-731
-394
-336
-159
292
633
872
655
316
423
889
1183
1149
1002
637
114
-127
-15
-17
-293
-510
-518
-599
-694
-810
-851
-789
-575
-184
74
205
159
105
245
503
746
816
787
748
680
551
392
265
152
60
25
8
-159
-397
-774
-876
-783
-676
-470
-516
-501
-617
-572
-396
-321
-122
-30
45
74
58
27
-83
-83
-36
-15
-107
-223
-416
-590
-696
-713
-659
-663
-611
-601
-591
-575
-538
-414
-282
-115
118
247
337
372
501
605
725
855
900
991
1066
1226
1225
1128
1013
1046
1322
1506
1512
352
-853
-989
-479
104
-306
-505
-882
-1308
-989
-710
-421
-429
-309
196
628
918
671
246
296
780
1143
1204
1116
723
178
-78
38
39
-271
-469
-521
-525
-607
-739
-851
-903
-655
-280
47
182
107
42
137
416
690
766
758
718
669
577
419
281
147
76
31
27
-77
-334
-534
-602
-549
-608
-490
-492
-435
-393
-368
-276
-298
-189
-125
-29
65
116
37
-32
-40
-99
-123
-201
-264
-356
-533
-582
-632
-655
-661
-666
-625
-591
-555
-496
-408
-283
-156
-18
100
200
277
351
448
519
623
652
668
714
741
819
902
1007
1056
1030
1078
1151
1271
1318
371
-519
-603
-159
201
-221
-296
-685
-1026
-795
-532
-271
-287
-160
135
433
719
494
161
311
747
954
959
884
561
124
-38
146
101
-143
-273
-339
-387
-453
-551
-647
-638
-404
-158
19
113
58
1
98
329
510
566
558
522
489
396
270
179
123
90
74
60
-34
-230
-378
-375
-342
-244
-158
-109
-201
-235
-238
-250
-132
-142
-7
-40
-18
-50
-198
-196
-267
-160
-157
-138
-181
-306
-363
-458
-456
-478
-413
-408
-397
-436
-465
-420
-431
-316
-239
-127
-87
-55
-13
-12
22
62
205
281
386
415
415
423
420
499
558
623
683
783
962
1113
1269
1243
1455
982
-147
-303
-115
520
188
-96
-247
-939
-767
-708
-455
-339
-340
-101
40
403
379
-1
10
444
776
810
833
688
324
59
176
295
132
-26
-123
-206
-287
-450
-534
-583
-450
-291
-235
-142
-162
-203
-161
-9
231
287
294
330
341
320
235
218
259
262
236
203
117
-26
-140
-176
-163
-171
-157
-160
-192
-239
-347
-348
-291
-313
-279
-240
-198
-171
-251
-242
-232
-136
-73
-72
-32
-67
-136
-180
-155
-142
-180
-213
-254
-287
-366
-436
-464
-467
-423
-348
-256
-219
-192
-181
-111
-2
127
252
294
362
431
521
598
593
645
659
749
822
911
940
975
1018
1126
930
84
-332
-278
86
75
-175
-237
-648
-716
-573
-411
-220
-212
-108
48
381
530
251
150
350
584
690
717
621
355
71
49
139
68
-72
-270
-335
-347
-395
-467
-534
-462
-348
-237
-106
-45
-75
-102
11
227
379
377
342
339
314
273
223
215
170
125
102
45
-41
-179
-249
-283
-253
-210
-202
-214
-245
-196
-191
-191
-192
-134
-132
-219
-142
-121
-132
-154
-181
-147
-163
-131
-160
-213
-220
-243
-250
-219
-218
-245
-290
-294
-250
-231
-196
-190
-211
-216
-203
-83
20
52
34
93
169
277
389
484
503
564
644
792
890
1103
1186
1517
1547
181
-108
-248
360
257
-75
86
-785
-607
-635
-596
-425
-518
-334
-228
381
521
31
-42
183
508
658
844
775
476
192
160
273
160
21
-145
-206
-187
-308
-398
-606
-592
-365
-284
-166
-130
-192
-295
-180
125
250
237
246
279
285
263
211
161
143
116
153
125
57
-108
-263
-283
-262
-180
-197
-249
-272
-267
-236
-195
-93
-20
-6
60
128
150
117
115
141
144
168
147
90
-21
-85
-212
-261
-261
-316
-374
-420
-374
-378
-399
-402
-341
-273
-193
-149
-70
-18
-19
11
31
85
85
70
85
73
71
-13
-14
-12
-12
-9
-34
-35
-44
-11
-8
12
10
18
45
106
142
142
59
96
131
194
229
208
262
256
309
348
396
418
399
410
390
336
227
62
-50
-131
-189
-257
-341
-417
-461
-504
-504
-457
-420
-361
-297
-174
-99
-60
-9
14
57
80
100
106
64
48
5
-14
-35
-69
-85
-80
-57
-59
-20
-14
36
87
130
185
191
278
315
371
388
388
413
422
421
282
164
101
80
58
21
-19
-92
-145
-143
-143
-107
-102
-90
-43
27
104
68
35
37
57
107
134
151
105
50
13
-15
-40
-60
-112
-175
-203
-211
-185
-211
-225
-204
-170
-137
-99
-66
-72
-81
-45
6
72
87
68
57
73
66
28
-27
-97
-83
-80
-57
-73
-81
-58
-48
24
65
91
83
98
151
212
280
318
365
411
493
590
730
873
709
452
88
61
142
152
105
-161
-257
-387
-362
-376
-410
-383
-391
-205
-45
64
18
-76
9
139
318
350
321
233
163
176
183
182
58
-30
-90
-118
-129
-229
-278
-319
-278
-217
-200
-203
-211
-175
-145
-25
60
103
104
89
119
143
154
123
132
155
157
169
118
54
-15
-57
-35
-22
-6
-55
-91
-97
-81
-76
-42
-4
24
53
60
106
98
103
122
126
183
166
134
106
80
96
54
41
11
-10
-40
-70
-69
-88
-90
-83
-79
-42
-50
-23
-8
11
38
36
44
60
87
63
69
48
55
59
26
23
-4
-12
-28
-31
-23
-36
-51
-84
-81
-91
-64
-47
-31
-24
-36
-22
-33
-1
3
17
28
16
25
26
11
-11
-14
-2
-4
-48
-38
-68
-86
-84
-82
-74
-88
-72
-83
-67
-43
-47
-48
-34
-25
-22
-7
-17
-26
-6
-7
7
-6
-19
-35
-30
-10
-22
-28
-42
-27
-15
-1
12
-7
-9
1
3
19
27
19
-4
13
31
56
40
23
25
36
61
34
42
20
33
30
26
39
35
36
21
27
15
20
27
11
33
34
43
38
17
23
8
-11
-31
-43
-29
-30
-47
-53
-96
-103
-101
-87
-80
-77
-62
-74
-47
-37
-48
-34
-25
13
8
5
7
7
4
-15
-8
-1
10
17
6
14
13
28
29
24
41
48
50
47
56
39
47
37
33
39
25
-12
-30
-48
-80
-83
-88
-86
-92
-86
-94
-83
-68
-58
-45
-23
2
13
25
37
44
54
78
66
68
67
75
73
81
91
71
53
27
34
31
34
27
37
27
32
38
59
82
72
77
88
103
125
127
96
96
92
67
41
0
-21
-37
-51
-39
-45
-64
-76
-79
-50
-40
-30
-31
-27
16
37
54
37
55
70
101
117
114
86
86
85
90
95
89
74
40
39
19
23
-4
-40
-62
-56
-53
-44
-54
-73
-62
-27
-7
20
32
46
42
48
42
55
44
32
30
20
37
15
-13
-44
-45
-49
-52
-76
-71
-61
-52
-36
-64
-59
-69
-38
-11
13
29
8
19
17
43
48
43
38
26
32
29
24
11
11
28
23
9
9
32
30
30
30
39
28
30
33
41
65
68
69
63
68
75
80
84
64
60
56
41
34
20
21
13
13
14
19
8
3
4
3
-7
-13
-8
-10
4
0
17
2
-4
3
5
20
34
44
27
11
7
13
11
1
-1
-8
-9
-10
-19
-30
-47
-51
-51
-41
-29
-34
-32
-33
-22
-9
-8
2
-2
2
5
-8
-17
-33
-44
-45
-37
-32
-51
-48
-67
-67
-62
-58
-41
-64
-39
-33
-49
-45
-30
-18
-3
2
8
14
8
23
34
46
39
27
27
9
14
15
-1
-4
-3
0
-9
8
14
20
30
34
44
52
42
30
42
57
69
