SAMPLES:	5807
BITSPERSAMPLE:	16
CHANNELS:	1
SAMPLERATE:	16000
NORMALIZED:	FALSE
7
11
19
16
30
20
17
38
43
51
41
32
33
28
25
8
5
9
4
24
33
30
33
34
20
4
13
5
0
1
9
18
24
18
23
24
25
17
9
17
14
-1
-9
1
11
31
33
41
65
56
45
42
33
23
29
5
7
3
1
16
18
34
48
33
36
28
4
14
11
11
15
27
19
31
50
53
65
49
33
30
8
2
3
9
30
39
45
50
60
52
51
40
22
24
8
13
14
16
31
43
65
57
47
34
30
20
17
16
-5
-6
9
12
15
18
14
33
50
40
20
18
9
8
8
-11
-16
-4
17
1
25
39
48
52
52
44
34
42
27
10
8
6
-12
2
14
4
14
20
1
12
12
17
22
12
10
13
12
36
32
35
29
22
25
29
12
6
2
11
7
11
36
28
23
27
17
15
17
15
13
20
32
15
21
31
33
48
45
30
37
30
16
9
-3
3
-5
8
18
26
42
40
52
24
17
19
12
10
1
-1
11
17
21
41
40
32
26
28
15
4
20
11
19
39
40
55
52
41
43
27
12
-1
-12
-26
-30
-30
-12
-15
-9
7
2
9
11
8
17
16
6
23
24
18
19
13
11
21
8
13
23
19
23
16
9
20
19
20
21
6
15
18
3
7
-3
-18
-11
-10
-12
-25
-23
-22
-12
0
-4
-7
3
8
12
12
14
13
7
2
2
12
9
8
14
15
-1
-1
-15
-14
13
6
21
31
21
15
11
18
21
16
9
5
9
23
18
6
18
6
12
14
-7
-2
-2
3
17
0
14
24
20
27
20
31
29
17
11
29
43
28
34
31
21
17
13
-2
-27
-14
-1
-16
-10
8
-2
0
17
29
32
29
22
10
10
-6
-8
-13
-6
-2
-3
1
4
-3
3
1
1
19
14
15
-6
-4
7
-11
-11
-8
-7
3
-11
-15
-25
-18
-5
-18
-17
-12
-11
-14
-5
-6
6
2
-2
1
10
16
6
11
13
6
6
7
8
6
10
11
10
13
0
-9
-29
-35
-26
-24
-29
-28
-36
-37
-45
-46
-42
-50
-40
-18
-19
-16
-4
14
22
17
40
38
37
41
20
16
2
8
5
-9
-3
1
-11
-8
-1
-8
1
-7
-7
1
2
1
6
8
7
1
9
-4
2
-11
-5
14
15
26
21
32
49
56
56
58
59
55
37
29
26
12
5
-3
9
15
17
20
-2
20
-57
-124
-158
-192
-158
-113
-76
1
107
193
255
283
299
250
188
105
2
-87
-139
-185
-195
-156
-112
-61
-9
58
93
84
74
49
35
8
-8
-17
-31
-9
-1
21
38
26
-10
-50
-61
-51
-57
-70
-45
-16
21
49
79
95
92
93
53
34
18
-27
-44
-79
-89
-46
-45
-41
-33
-41
-20
-38
-45
-37
-64
-78
-74
-56
-21
-1
15
37
57
64
84
93
101
99
75
60
49
44
21
3
-24
-37
-59
-54
-34
-18
38
51
88
125
145
181
154
139
116
31
-23
-86
-160
-163
-157
-144
-107
-57
26
93
132
161
142
102
48
-41
-131
-191
-246
-288
-289
-254
-212
-150
-70
3
53
125
196
273
354
390
422
391
348
276
200
86
-43
-167
-264
-231
-222
-136
20
229
370
270
259
232
130
101
-48
-234
-196
-145
-91
-3
64
231
247
220
216
111
54
-49
-170
-211
-207
-140
-68
6
123
161
154
162
132
106
13
-79
-141
-164
-125
-70
-37
0
52
72
71
63
37
-52
-112
-138
-157
-132
-156
-340
-471
-479
-478
-342
-266
-169
11
173
404
293
271
351
226
228
207
24
58
110
66
66
28
58
-1
-59
-60
-176
-214
-161
-133
-35
74
159
235
276
314
321
226
102
0
-132
-250
-335
-435
-443
-406
-352
-246
-155
-57
37
97
142
161
171
174
127
118
105
107
105
74
63
74
70
69
78
46
70
83
95
134
185
204
256
263
190
141
40
-14
-55
-137
-163
-121
-81
24
120
192
271
280
300
282
214
146
37
-32
-65
-117
-190
-191
-149
-114
-68
-57
-26
55
88
110
103
93
126
101
80
47
0
-26
-62
-90
-106
-131
-146
-199
-638
-773
-845
-975
-700
-643
-559
-140
223
522
742
816
876
653
443
175
-189
-280
-424
-499
-378
-171
124
377
590
784
763
683
482
243
14
-297
-448
-561
-523
-304
-123
139
425
478
561
541
397
261
-62
-301
-406
-468
-363
-280
-148
39
169
286
326
282
217
64
-45
-126
-193
-180
-139
-65
44
118
153
137
98
47
-80
-176
-287
-329
-291
-224
-127
-11
68
159
196
193
109
32
-175
-523
-610
-796
-813
-717
-750
-609
-297
-79
127
248
372
453
420
417
302
233
198
118
69
104
149
210
157
-5
-77
-57
-6
256
450
442
613
696
728
794
508
-16
-406
-749
-911
-1004
-1021
-807
-506
-111
349
638
930
1081
927
687
391
107
-136
-420
-587
-656
-636
-455
-237
-49
84
100
42
31
77
92
-4
-108
-100
-11
127
241
255
197
110
60
-11
-104
-223
-346
-390
-333
-193
-41
101
193
270
307
326
267
136
8
-116
-215
-270
-288
-223
-166
-131
-51
-14
15
26
-171
-455
-652
-840
-887
-845
-742
-550
-274
41
317
500
626
555
329
67
-205
-399
-627
-772
-788
-712
-417
-76
213
577
862
1045
1201
1286
1388
1327
1242
1129
794
383
-79
-745
-1305
-1646
-1914
-1899
-1642
-1160
-538
135
813
1346
1638
1786
1654
1265
811
273
-257
-725
-1044
-1167
-1152
-958
-649
-393
-138
101
225
291
328
308
234
156
148
172
157
165
140
62
8
-90
-191
-336
-450
-489
-505
-406
-243
-84
103
247
349
447
421
347
201
14
-138
-266
-354
-362
-395
-348
-280
-253
-205
-239
-331
-498
-617
-772
-848
-814
-688
-550
-301
5
197
385
509
447
311
133
-140
-387
-656
-880
-1042
-1110
-980
-752
-469
-118
314
730
1071
1385
1598
1698
1728
1703
1659
1628
1516
1054
166
-915
-1721
-2196
-2558
-2696
-2654
-2186
-1125
-2
928
1730
2265
2554
2364
1925
1407
608
-174
-938
-1517
-1651
-1589
-1323
-972
-627
-200
71
218
381
401
249
53
-50
0
163
293
301
241
226
238
194
26
-261
-555
-780
-784
-630
-460
-269
-76
149
387
580
645
515
298
87
-112
-264
-411
-617
-646
-634
-551
-367
-293
-219
-303
-438
-542
-686
-683
-683
-745
-599
-457
-297
-126
-46
-48
-142
-273
-382
-475
-491
-508
-532
-472
-315
-105
46
197
305
393
551
768
978
1147
1305
1409
1623
1905
2063
1990
1329
540
-572
-1908
-2922
-3413
-3396
-2898
-2227
-1187
197
1565
2598
2906
2907
2658
2019
1075
41
-879
-1595
-2051
-2075
-1735
-1153
-505
-43
277
510
591
475
209
-24
-242
-412
-322
-44
275
522
621
622
541
392
152
-232
-644
-951
-1042
-900
-609
-286
14
287
538
700
727
602
310
-52
-348
-500
-648
-717
-710
-649
-391
-178
-127
-86
-136
-245
-361
-660
-927
-1076
-1152
-1120
-1050
-880
-640
-363
-148
-56
-1
1
-34
-128
-228
-342
-411
-398
-356
-249
-79
38
185
362
529
729
883
1107
1436
1790
2214
2507
2507
2253
1675
701
-422
-1752
-3056
-3741
-4020
-3705
-2845
-1730
-239
1214
2324
3097
3286
3139
2576
1567
550
-532
-1465
-1979
-2250
-2037
-1555
-1013
-404
15
360
527
412
222
12
-213
-293
-274
-123
144
386
584
685
654
480
186
-167
-546
-886
-1045
-1016
-830
-526
-185
155
466
670
743
681
480
206
-124
-370
-478
-527
-459
-353
-199
-15
20
34
-20
-209
-386
-647
-998
-1270
-1474
-1527
-1427
-1208
-934
-662
-315
1
198
284
247
132
-51
-259
-459
-655
-745
-802
-773
-619
-418
-135
154
433
670
879
1066
1174
1280
1471
1624
1936
2332
2462
2564
2151
1266
364
-952
-2260
-3289
-4090
-4140
-3588
-2614
-1113
346
1809
2872
3349
3543
3193
2390
1338
17
-1071
-1905
-2420
-2389
-2122
-1542
-842
-255
294
629
701
551
246
-24
-227
-345
-282
-117
119
384
610
732
672
478
139
-269
-647
-928
-1067
-1025
-838
-553
-191
241
587
736
791
711
497
251
-29
-270
-412
-471
-381
-235
-26
20
-18
-56
-273
-461
-764
-1156
-1392
-1498
-1552
-1451
-1217
-880
-548
-198
109
257
385
341
115
-124
-349
-599
-823
-925
-975
-918
-718
-504
-209
75
314
578
787
975
1077
1188
1238
1415
1586
1847
2127
2381
2685
2612
2138
1363
-343
-1900
-2913
-3965
-4207
-4149
-3617
-2013
-345
1355
2645
3280
3881
3681
2928
2093
755
-466
-1555
-2467
-2543
-2333
-1767
-1006
-525
119
608
689
690
376
-13
-346
-561
-435
-209
86
393
617
794
952
895
570
44
-494
-882
-1078
-1097
-1020
-839
-474
-32
381
709
841
773
576
319
65
-187
-432
-537
-615
-714
-612
-594
-580
-541
-708
-808
-855
-963
-982
-1057
-978
-840
-777
-502
-344
-206
-100
-199
-241
-247
-348
-403
-544
-632
-579
-522
-368
-199
-125
-101
-22
128
298
426
532
597
1039
1437
1814
2383
2715
3230
3867
4035
3726
1894
-640
-2406
-3961
-4797
-5695
-6496
-5121
-2765
-336
1782
3011
4383
4970
4495
3824
2478
969
-563
-2459
-3287
-3252
-2777
-1863
-1293
-479
383
746
1042
918
348
-309
-920
-977
-597
-212
182
412
697
1199
1534
1452
808
-77
-750
-1085
-1247
-1351
-1400
-1204
-680
-39
576
928
958
779
593
392
155
-244
-701
-846
-778
-647
-521
-364
-321
-304
-483
-833
-1120
-1223
-1256
-1381
-1408
-1149
-704
-255
90
192
243
243
193
55
-194
-447
-681
-841
-768
-570
-487
-449
-420
-305
-114
-14
86
125
259
555
840
1156
1417
1509
1627
1921
2455
3119
3715
3719
2831
1202
-578
-1979
-3247
-4529
-5605
-5748
-4386
-2184
-233
1525
2930
4000
4546
4356
3716
2489
825
-835
-2280
-2921
-2841
-2595
-2103
-1446
-606
321
926
1144
877
266
-250
-526
-494
-345
-253
-67
264
815
1336
1466
1161
558
-38
-452
-813
-1167
-1451
-1502
-1165
-599
59
534
801
898
897
760
431
94
-658
-1249
-1587
-1881
-1631
-1237
-996
-560
-171
161
414
346
183
-340
-755
-1023
-1328
-1305
-1218
-1140
-798
-389
24
384
522
460
303
134
-25
-118
-275
-431
-383
-153
313
761
1129
1572
1841
1974
2286
2650
3250
3782
3311
2340
695
-971
-2032
-3317
-4574
-5182
-5123
-3632
-1655
-23
1667
2779
3722
4202
3843
3258
2146
545
-803
-2000
-2414
-2272
-2184
-1714
-1188
-519
308
661
671
398
-180
-549
-643
-536
-336
-251
-9
448
977
1398
1430
1014
442
-19
-395
-697
-1065
-1356
-1326
-986
-448
85
405
572
636
606
404
-96
-516
-863
-1096
-1176
-1284
-1186
-782
-364
-162
-112
-23
52
-100
-371
-772
-1103
-1196
-1201
-1100
-858
-573
-285
-49
201
371
338
196
-36
-216
-367
-474
-511
-458
-238
107
392
752
1130
1577
2036
2392
2681
3003
3365
3588
3246
2274
580
-1447
-2785
-3885
-4808
-5232
-5027
-3591
-1431
498
2082
3130
3992
4358
3853
3022
1828
331
-1035
-2244
-2744
-2569
-2213
-1575
-1014
-379
358
713
742
462
-61
-478
-692
-601
-367
-182
123
504
888
1243
1328
976
414
-131
-511
-800
-1078
-1246
-1200
-861
-348
131
426
598
623
553
239
-205
-532
-912
-1015
-939
-878
-704
-442
-274
-227
-317
-384
-606
-860
-988
-1217
-1269
-1143
-960
-641
-311
-66
84
158
224
136
-68
-267
-482
-652
-700
-650
-520
-336
-62
205
449
746
827
836
1119
1479
1882
2309
2548
3114
3892
4006
3319
1534
-744
-2283
-3648
-4953
-5889
-6194
-4750
-2457
-294
1786
3194
4347
4951
4501
3809
2606
866
-770
-2463
-3277
-3100
-2754
-1992
-1284
-532
458
1014
1189
959
274
-337
-741
-799
-548
-364
-101
326
871
1445
1689
1406
774
134
-380
-792
-1183
-1500
-1538
-1212
-619
29
542
829
944
904
720
305
-247
-749
-1135
-1258
-1324
-1344
-1107
-779
-516
-305
-265
-294
-336
-437
-657
-948
-1046
-1005
-863
-661
-475
-307
-96
108
192
186
48
-119
-277
-376
-414
-405
-340
-161
156
468
615
853
1213
1307
1517
1646
1759
2409
3306
4020
4122
3028
1069
-639
-1966
-3224
-4907
-6291
-6180
-4488
-2235
-215
1438
3078
4341
4773
4642
3919
2606
904
-1042
-2452
-2926
-2983
-2682
-2276
-1626
-513
474
1081
1184
678
69
-375
-589
-572
-579
-503
-193
328
1063
1630
1686
1261
685
215
-197
-748
-1353
-1710
-1678
-1228
-560
18
464
799
976
1083
949
570
-179
-888
-1172
-1386
-1350
-1211
-1223
-915
-473
-204
-44
-102
-174
-419
-739
-934
-1137
-1081
-926
-941
-702
-348
-37
226
212
122
1
-108
-195
-370
-570
-675
-556
-178
178
551
845
1063
1525
1748
1578
1467
1507
1771
2414
3201
3646
3124
1496
-244
-1405
-2193
-3384
-5187
-5910
-4717
-2656
-811
640
2142
3632
4359
4436
4027
3040
1643
-174
-1859
-2653
-2835
-2729
-2527
-2123
-1179
-30
853
1231
970
427
31
-173
-245
-335
-407
-332
-20
583
1254
1503
1219
720
305
19
-388
-961
-1460
-1600
-1305
-766
-211
238
570
815
1019
1046
835
351
-338
-861
-1292
-1413
-1240
-1162
-1107
-903
-595
-272
-66
-79
-301
-538
-654
-802
-795
-694
-753
-745
-555
-238
52
145
49
-91
-150
-124
-142
-267
-488
-475
-258
23
374
596
794
1125
1443
1601
1850
1963
2259
2500
3149
3469
3218
2304
410
-1169
-2319
-3657
-4678
-5392
-5216
-3525
-1779
250
1908
3149
4239
4412
4110
3496
2074
626
-1023
-2402
-2802
-3021
-2688
-2104
-1603
-565
283
804
1053
680
248
-48
-277
-210
-225
-234
40
389
890
1262
1219
887
393
-94
-472
-914
-1284
-1431
-1355
-949
-390
119
560
863
1023
1045
864
597
186
-331
-822
-1262
-1346
-1172
-1018
-930
-903
-780
-494
-332
-387
-575
-726
-718
-670
-523
-427
-422
-338
-228
-100
28
-10
-147
-338
-423
-406
-404
-380
-484
-503
-330
-131
127
347
557
884
1073
1401
1640
1838
2135
2189
2488
3215
3735
3966
3270
1184
-937
-2458
-3564
-4679
-6034
-6345
-4889
-2464
44
1793
3229
4608
5128
4947
4230
2951
1333
-797
-2643
-3388
-3512
-3127
-2621
-2127
-1078
96
981
1381
1068
521
88
-149
-84
-134
-234
-58
272
813
1325
1429
1078
405
-193
-561
-979
-1450
-1723
-1705
-1254
-575
106
718
1104
1299
1301
1146
803
354
-256
-1001
-1576
-1721
-1483
-1159
-975
-924
-733
-330
-46
-116
-374
-682
-874
-880
-747
-631
-585
-551
-372
-102
163
246
79
-167
-332
-376
-413
-450
-601
-740
-671
-414
-83
165
420
702
1012
1371
1652
1877
2137
2328
2477
2822
3246
3452
3310
2650
923
-1324
-2979
-4128
-4878
-5491
-5717
-4418
-1944
552
2367
3534
4622
5156
4824
3970
2608
965
-904
-2650
-3453
-3551
-3197
-2546
-1950
-1037
87
919
1343
1188
738
346
102
104
80
21
185
431
749
1118
1208
913
301
-354
-739
-1025
-1339
-1538
-1478
-1023
-360
299
846
1190
1339
1311
1101
725
226
-515
-1220
-1604
-1693
-1431
-1156
-1066
-823
-509
-181
-4
-102
-275
-524
-697
-748
-792
-683
-624
-617
-412
-146
114
186
50
-116
-198
-231
-271
-433
-616
-704
-665
-476
-287
-90
157
514
936
1296
1597
1822
2094
2314
2580
2771
3040
3565
3797
3558
2368
-48
-2318
-3695
-4719
-5506
-6374
-5962
-3775
-1014
1489
3143
4372
5378
5472
4908
3826
2147
197
-1980
-3593
-4059
-3896
-3249
-2542
-1774
-544
665
1497
1726
1304
758
375
170
157
35
-57
110
412
862
1217
1148
666
0
-531
-862
-1178
-1448
-1517
-1264
-670
53
728
1237
1488
1510
1332
985
479
-180
-914
-1558
-1802
-1617
-1228
-946
-767
-505
-171
120
205
-41
-390
-669
-866
-883
-781
-707
-653
-509
-177
162
371
333
139
-40
-114
-198
-367
-578
-794
-815
-670
-526
-372
-240
1
339
732
1144
1459
1742
1846
1935
2178
2453
2729
3024
3256
3561
3479
2482
394
-2074
-3684
-4664
-5511
-6071
-5839
-3981
-1203
1251
3127
4486
5421
5640
4961
3820
2324
338
-1771
-3565
-4331
-4090
-3437
-2591
-1719
-598
684
1556
1834
1563
984
511
255
126
24
-42
80
397
741
1085
1130
722
88
-498
-885
-1196
-1471
-1535
-1271
-726
-30
659
1215
1554
1621
1400
930
381
-264
-995
-1559
-1869
-1743
-1437
-1173
-815
-458
-40
303
280
151
-53
-370
-646
-843
-863
-872
-856
-670
-412
-55
203
234
195
165
134
30
-203
-411
-593
-709
-673
-689
-592
-398
-84
282
648
1070
1432
1722
1983
2040
2165
2331
2404
2483
2571
2895
3220
2996
1938
-138
-2299
-3455
-4328
-5110
-5605
-5251
-3336
-721
1542
3266
4400
5177
5280
4617
3589
2044
4
-2081
-3684
-4163
-3873
-3310
-2549
-1703
-515
797
1613
1849
1538
995
609
375
250
87
-69
2
274
626
914
856
443
-127
-628
-952
-1209
-1416
-1403
-1109
-540
195
875
1408
1682
1632
1342
831
136
-581
-1310
-1851
-2027
-1852
-1587
-1162
-662
-262
169
464
437
278
28
-355
-701
-868
-942
-1018
-955
-746
-438
-73
132
210
253
262
201
29
-165
-288
-418
-548
-617
-608
-518
-381
-224
2
336
713
1067
1308
1591
1813
1919
2077
2119
2047
2134
2102
2408
2877
3044
2729
1322
-920
-2553
-3452
-4031
-4759
-5395
-4576
-2305
274
2218
3407
4408
5019
4795
4036
2800
1109
-864
-2846
-3972
-4050
-3549
-2805
-2091
-1140
148
1345
1983
1928
1389
819
471
272
67
-190
-326
-174
142
553
821
671
215
-270
-602
-777
-1005
-1178
-1107
-768
-151
489
997
1309
1324
1100
725
242
-354
-964
-1507
-1837
-1812
-1476
-991
-586
-220
97
324
478
392
16
-412
-790
-1013
-1078
-1021
-949
-837
-520
-135
176
397
417
326
282
210
81
-102
-297
-465
-583
-540
-473
-419
-231
-112
5
226
383
563
764
933
1060
1081
1139
1178
1190
1202
1079
1084
1269
1544
1945
2224
2426
2613
2834
2445
724
-1319
-2649
-3282
-3513
-4208
-4483
-3135
-912
1078
2300
3190
4020
4131
3559
2647
1457
129
-1459
-2772
-3211
-2911
-2144
-1458
-909
-156
680
1318
1514
1117
495
43
-113
-133
-201
-156
24
252
540
830
900
588
48
-420
-666
-821
-959
-938
-726
-309
219
699
1065
1201
1127
801
331
-287
-1148
-1841
-2260
-2442
-2125
-1569
-1007
-326
288
718
894
872
572
-6
-577
-1101
-1456
-1513
-1506
-1395
-1037
-545
-32
341
501
528
562
473
251
-24
-280
-499
-515
-452
-380
-158
65
292
559
835
1061
1246
1338
1418
1455
1536
1656
1614
1746
1760
1749
1859
1671
1535
1532
1386
1128
32
-1578
-2443
-2713
-2536
-2516
-2562
-1644
-137
1336
2373
2848
3204
3131
2539
1773
880
-131
-1242
-2255
-2604
-2275
-1653
-1034
-623
-215
428
1000
1251
1047
575
220
75
65
62
0
17
99
230
443
523
343
-8
-323
-462
-504
-521
-467
-310
-52
251
569
781
866
772
541
238
-66
-410
-1015
-1430
-1695
-1760
-1388
-1105
-873
-448
-114
168
336
317
98
-244
-476
-737
-930
-962
-1099
-1072
-862
-620
-383
-220
-137
-51
19
14
-88
-206
-326
-357
-337
-314
-256
-116
116
271
432
669
898
1077
1256
1360
1512
1771
1961
2057
2107
2348
2579
2929
3248
3295
2964
965
-1772
-3295
-4027
-4326
-5114
-5985
-4422
-1424
1266
2969
3831
4838
5207
4661
3766
2271
446
-1631
-3502
-4076
-3761
-2990
-2159
-1566
-617
670
1725
2074
1559
708
190
101
58
-168
-325
-158
204
631
1045
1195
862
195
-358
-659
-894
-1130
-1220
-1058
-620
42
650
1007
1104
954
565
54
-479
-970
-1364
-1682
-1794
-1516
-809
-77
296
443
567
635
535
128
-511
-1112
-1482
-1573
-1467
-1261
-987
-618
-171
225
475
525
471
313
107
-92
-284
-374
-461
-536
-528
-467
-318
-149
11
151
231
461
748
879
965
1039
1197
1445
1601
1579
1571
1695
1903
2099
2213
2367
2512
2696
2491
721
-1631
-3016
-3540
-3584
-4131
-4702
-3455
-1041
1244
2664
3424
4217
4365
3769
2909
1669
185
-1545
-3019
-3474
-3143
-2361
-1571
-1075
-373
621
1447
1698
1263
541
104
13
19
-62
-98
97
351
636
964
1055
732
115
-453
-765
-936
-1057
-1027
-836
-431
125
608
857
760
488
65
-371
-708
-1015
-1274
-1441
-1375
-943
-296
241
434
371
371
322
73
-393
-985
-1461
-1647
-1537
-1292
-989
-719
-432
-57
299
507
534
411
203
63
-9
-82
-195
-349
-447
-457
-320
-156
-63
92
271
481
816
1129
1452
1801
1997
2275
2436
2472
2590
2632
2752
2872
2743
2228
516
-1944
-3494
-4067
-4175
-4584
-5049
-3805
-1148
1325
2861
3662
4409
4715
4225
3271
1979
327
-1471
-2966
-3551
-3255
-2586
-1902
-1322
-563
494
1364
1650
1272
573
160
118
144
35
-45
119
422
739
1027
1082
722
112
-460
-789
-966
-1140
-1193
-1076
-759
-197
333
658
729
549
328
92
-217
-556
-861
-1103
-1150
-907
-484
-101
66
42
14
41
-45
-370
-815
-1181
-1313
-1204
-993
-775
-560
-288
11
244
322
293
202
18
-150
-229
-264
-232
-243
-299
-202
-108
-1
121
229
347
501
690
906
1160
1422
1593
1729
1886
2057
2180
2275
2378
2416
2435
2288
2210
948
-1445
-3027
-3597
-3537
-3636
-4369
-3595
-1315
946
2433
3072
3844
4268
3754
2956
1841
579
-933
-2469
-3097
-2950
-2345
-1593
-1176
-662
201
1079
1499
1188
516
107
89
137
34
-83
100
378
609
835
936
730
189
-338
-662
-867
-1007
-1011
-861
-538
-6
533
840
854
680
364
-55
-487
-898
-1224
-1401
-1425
-1193
-656
-128
134
221
289
316
179
-154
-651
-1065
-1288
-1317
-1183
-1014
-805
-466
-99
208
358
351
282
90
-164
-313
-426
-460
-446
-405
-295
-102
99
244
388
475
597
815
1024
1145
1239
1401
1639
1823
2009
2157
2209
2368
2465
2320
2314
1846
-105
-2261
-3428
-3563
-3313
-3816
-4066
-2618
-243
1849
2776
3312
3927
3886
3300
2353
1173
-122
-1678
-2712
-2875
-2475
-1708
-1156
-841
-272
579
1292
1350
734
81
-115
40
125
-24
-11
263
561
825
975
912
505
-86
-535
-783
-935
-1007
-937
-741
-373
117
581
818
755
481
114
-250
-543
-843
-1130
-1312
-1185
-738
-272
31
121
137
180
132
-107
-484
-907
-1188
-1265
-1182
-977
-761
-518
-242
63
265
321
310
182
-8
-164
-305
-408
-508
-534
-464
-316
-123
38
231
365
475
611
737
972
1109
1139
1248
1345
1554
1659
1675
1745
1797
1902
1766
1528
1385
1295
259
-1632
-2779
-2885
-2500
-2413
-2816
-2098
-277
1428
2412
2678
3050
3136
2636
1949
1003
-21
-1124
-2035
-2264
-2043
-1451
-859
-561
-230
349
971
1173
764
206
-37
14
87
25
11
212
419
572
721
750
524
57
-356
-585
-694
-736
-703
-593
-366
-12
343
545
517
293
34
-240
-488
-672
-859
-989
-937
-674
-308
-94
-33
-14
-67
-138
-313
-580
-827
-1025
-1071
-967
-783
-551
-366
-171
30
116
167
118
8
-158
-316
-370
-353
-293
-282
-251
-160
-56
101
199
262
362
577
838
1046
1228
1353
1339
1398
1576
1687
1672
1630
1566
1594
1621
1481
1358
207
-1518
-2409
-2578
-2272
-2408
-2891
-2050
-339
1299
2213
2504
2955
2992
2564
1977
1029
-11
-1186
-2081
-2193
-1944
-1421
-910
-656
-243
402
1044
1196
695
110
-63
6
43
-71
-111
143
409
643
849
862
615
190
-193
-425
-586
-689
-708
-678
-462
-83
257
454
438
318
141
-91
-312
-500
-692
-830
-802
-507
-166
8
15
-24
4
-49
-246
-512
-794
-960
-987
-899
-740
-527
-322
-129
58
137
157
145
4
-193
-336
-366
-325
-305
-262
-194
-70
73
148
217
266
349
471
618
815
1004
1190
1397
1589
1750
1851
1883
1782
1569
1407
1227
1096
449
-1112
-2272
-2524
-2230
-2023
-2311
-1997
-651
829
1881
2228
2490
2656
2378
1914
1182
312
-598
-1471
-1769
-1668
-1333
-871
-638
-401
52
607
942
700
192
-21
25
118
89
11
128
322
519
691
704
549
253
-82
-299
-450
-533
-588
-612
-491
-156
226
500
440
283
246
110
-80
-372
-685
-799
-753
-557
-323
-106
82
97
88
26
-168
-413
-754
-1048
-1139
-1051
-828
-622
-422
-162
123
321
355
266
109
-92
-305
-467
-575
-600
-575
-506
-300
-34
219
362
403
496
618
697
710
669
761
894
1025
1253
1479
1830
2113
2036
1875
1792
1684
701
-1102
-2362
-2737
-2590
-2613
-2920
-2253
-685
880
1897
2352
2758
2849
2484
1913
1047
81
-872
-1614
-1870
-1726
-1205
-639
-376
-129
372
864
973
519
-35
-248
-224
-172
-222
-166
107
445
750
935
927
753
426
55
-284
-544
-648
-707
-703
-516
-92
344
602
680
689
611
366
75
-211
-459
-647
-735
-645
-401
-160
21
86
114
126
60
-153
-538
-897
-1034
-1032
-972
-837
-633
-299
32
257
399
434
331
98
-174
-374
-538
-693
-801
-824
-674
-416
-166
13
140
316
532
704
752
718
773
876
951
1032
1113
1303
1619
1942
2066
2064
2089
1810
589
-983
-1989
-2363
-2528
-3005
-3217
-2251
-637
817
1687
2233
2756
2931
2737
2101
1089
26
-948
-1540
-1765
-1671
-1234
-778
-426
56
643
1045
913
394
-42
-243
-306
-382
-507
-389
-22
419
852
1065
1064
907
616
269
-108
-454
-727
-918
-916
-628
-195
179
404
583
757
788
673
433
136
-155
-352
-350
-348
-351
-207
-57
81
111
32
-90
-256
-465
-706
-818
-778
-726
-621
-454
-273
-51
119
176
149
46
-79
-208
-370
-492
-580
-592
-566
-498
-386
-286
-188
-138
-56
46
118
179
235
347
513
644
751
807
862
921
978
1057
1218
1387
1653
1829
2017
1786
554
-563
-1222
-1572
-1915
-2735
-2931
-2083
-835
372
972
1611
2223
2473
2533
2008
1190
297
-592
-1086
-1382
-1398
-1116
-950
-630
-19
624
980
751
308
70
-81
-207
-464
-710
-612
-296
190
579
755
867
853
720
521
199
-161
-482
-738
-780
-601
-337
-122
27
220
455
596
565
382
146
-18
-78
-65
-80
-83
21
174
311
318
114
-59
-252
-436
-621
-876
-978
-904
-708
-443
-229
56
290
403
454
290
59
-191
-471
-741
-907
-910
-832
-699
-526
-296
-54
135
221
216
165
118
54
-28
-84
-81
-4
103
219
338
458
567
666
722
796
842
972
1175
1493
1752
2066
1813
764
-45
-598
-977
-1531
-2414
-2589
-1966
-944
-36
448
1178
1804
2238
2396
1960
1312
545
-198
-653
-1038
-1131
-1021
-973
-634
-57
532
816
617
357
209
68
-107
-486
-777
-700
-408
17
298
497
718
853
899
771
503
197
-155
-480
-615
-577
-489
-416
-328
-89
212
416
478
376
260
201
163
81
-57
-100
-26
60
153
209
199
136
-60
-247
-403
-531
-672
-800
-807
-621
-304
-87
31
192
345
444
441
248
-35
-265
-441
-531
-605
-667
-640
-525
-337
-133
44
115
129
131
136
129
65
-23
-61
1
102
207
277
321
400
477
527
530
494
489
481
576
679
862
1045
1419
1667
1090
513
98
-205
-496
-1220
-1655
-1519
-996
-337
-69
394
906
1313
1655
1501
1141
705
188
-169
-515
-677
-636
-687
-580
-179
260
588
555
395
312
218
104
-212
-535
-599
-472
-228
-32
102
316
512
656
681
540
346
113
-120
-273
-340
-348
-357
-326
-158
35
223
313
271
272
268
277
195
59
-17
-26
24
59
61
50
64
94
84
19
-45
-200
-335
-360
-315
-241
-197
-159
-83
50
189
214
177
79
-19
-63
-145
-244
-352
-399
-334
-252
-154
-97
-81
-19
35
61
43
-34
-95
-136
-125
-103
-96
-56
22
115
195
257
313
337
376
371
335
318
293
310
343
372
426
462
511
552
594
641
669
661
465
270
144
28
-112
-323
-452
-387
-214
-56
23
137
323
499
612
581
445
308
194
95
-38
-168
-215
-236
-205
-91
-3
59
53
52
70
45
10
-72
-147
-146
-95
-17
12
19
86
172
228
222
165
115
46
-21
-84
-161
-192
-205
-173
-150
-83
-20
-71
-87
-85
-47
-32
-135
-194
-215
-190
-143
-151
-164
-175
-127
-99
-134
-193
-238
-245
-225
-222
-211
-164
-111
-54
7
62
69
66
62
75
80
99
100
147
224
316
420
529
648
786
967
1222
1485
1026
620
327
20
-159
-793
-1164
-1113
-805
-308
-264
46
395
758
1142
1028
837
629
359
157
-101
-259
-272
-367
-335
-70
150
341
323
191
174
122
53
-202
-457
-483
-397
-206
-103
-42
130
354
491
520
454
330
192
36
-95
-204
-266
-295
-344
-282
-127
19
103
115
171
244
280
240
142
63
53
66
33
32
-1
36
94
84
56
3
-10
-25
-48
-54
-56
-20
8
26
61
63
63
33
-15
-18
-33
-41
-64
-87
-44
-7
29
41
36
63
76
66
34
0
-9
-3
-15
-18
21
41
86
123
149
167
177
179
146
117
76
80
77
59
41
48
79
101
120
119
98
119
103
50
26
-34
-39
-43
-54
-40
-28
-2
13
60
82
96
109
72
52
35
15
-21
-57
-48
-23
20
34
58
82
92
115
98
75
39
37
37
25
32
40
61
76
105
117
116
110
81
59
46
20
9
-1
-21
-15
23
41
61
75
102
107
92
70
35
30
32
22
0
-5
-13
17
28
27
13
-29
-26
-33
-26
-24
-28
0
34
86
113
103
105
115
137
142
126
102
91
93
102
89
80
77
77
112
146
167
159
171
187
215
254
235
242
240
258
289
270
244
189
190
211
192
166
125
101
78
75
76
69
34
-6
-5
13
22
6
-22
-14
12
19
18
-8
-26
-14
-12
-23
-60
-68
-47
-28
-6
-20
-16
3
8
15
36
31
32
30
29
69
94
113
126
161
196
224
232
235
229
263
268
302
333
301
282
192
169
132
54
-9
-82
-30
27
37
36
38
117
205
228
167
114
93
105
85
10
-31
-35
-5
18
17
26
12
31
38
20
2
-35
-57
-42
-33
-39
-21
-32
6
65
89
112
105
119
132
122
92
61
39
42
27
24
35
44
76
102
115
125
145
145
146
139
136
119
99
88
77
60
38
37
36
34
43
30
26
26
20
26
28
20
21
16
5
-5
5
10
6
15
20
14
42
32
19
17
1
11
-13
-3
-27
-23
-5
-29
-18
-44
-49
-42
-43
-40
-43
-22
-1
27
23
42
59
64
83
62
38
11
-8
-17
-34
-20
-29
-20
12
29
32
31
22
20
10
-13
-9
-11
-7
-10
-7
-3
16
33
38
47
33
23
32
32
38
23
2
12
32
35
54
75
76
84
98
92
84
71
63
62
62
65
62
45
56
66
72
69
47
32
21
28
12
-1
-15
-12
-7
11
30
24
27
32
47
71
63
49
29
20
25
27
-7
-43
-41
-16
-1
16
15
2
2
7
-12
-18
-27
-40
-26
-45
-48
-59
-49
-31
-26
-14
-35
-28
-39
-40
-29
-38
-37
-42
-30
-33
-20
-27
-39
-52
-62
-55
-47
-56
-63
-42
-30
0
-3
-18
-5
-3
-8
-14
-36
-55
-56
-50
-52
-37
-46
-15
18
17
19
17
24
11
17
3
1
-8
-11
6
-1
19
25
12
3
2
2
-8
-19
-10
8
27
35
19
30
41
54
58
61
32
29
38
42
53
34
33
30
50
41
-7
-14
-27
-19
-6
-16
-6
-3
-6
-10
2
8
-1
-15
-22
-23
-25
-18
-25
-20
-9
1
16
-6
-19
-20
-10
-37
-76
-90
-110
-82
-77
-76
-65
-63
-21
5
-10
-28
-21
-17
-32
-46
-71
-74
-57
-67
-59
-67
-64
-56
-54
-34
-39
-40
-57
-62
-56
-46
-47
-59
-45
-44
-46
-33
-42
-41
-46
-39
-21
-39
-57
-61
-53
-58
-61
-76
-92
-75
-75
-56
-55
-44
-10
-12
10
5
0
-5
-12
-32
-42
-33
-41
-34
-30
-24
11
20
5
12
14
26
10
-15
-42
-45
-44
-38
-42
-52
-61
-42
-36
-42
-46
-48
-41
-57
-47
-47
-72
-68
-62
-50
-52
-58
-52
-61
-39
-21
-28
-47
-59
-45
-40
-47
-64
-99
-110
-108
-102
-110
-125
-130
-115
-87
-69
-63
-65
-44
-42
-44
-42
-78
-90
-96
-123
-112
-120
-112
-101
-74
-59
-70
-60
-68
-69
-55
