SAMPLES:	6513
BITSPERSAMPLE:	16
CHANNELS:	1
SAMPLERATE:	16000
NORMALIZED:	FALSE
67
76
83
90
91
92
88
90
77
66
62
59
62
69
59
67
65
59
58
45
49
53
52
60
57
59
68
67
63
58
50
46
49
50
53
40
52
41
31
36
32
47
30
35
37
24
25
20
10
19
18
12
20
15
13
14
17
29
20
18
15
6
9
10
5
12
16
5
10
4
-1
-9
-25
-11
-20
-19
-27
-26
-15
-30
-18
-32
-31
-26
-27
-42
-42
-41
-60
-59
-47
-48
-33
-37
-46
-55
-63
-53
-71
-63
-56
-66
-73
-71
-61
-70
-65
-63
-71
-70
-76
-76
-84
-94
-82
-86
-96
-98
-95
-103
-108
-104
-98
-97
-102
-87
-72
-72
-69
-56
-63
-61
-67
-52
-57
-54
-58
-53
-55
-57
-53
-64
-57
-67
-61
-67
-65
-77
-70
-71
-80
-65
-81
-76
-70
-74
-66
-79
-52
-60
-52
-46
-55
-52
-76
-66
-70
-69
-68
-67
-53
-50
-67
-51
-65
-61
-60
-51
-42
-63
-62
-57
-50
-43
-32
-23
-22
-32
-40
-57
-44
-48
-52
-61
-54
-40
-42
-35
-42
-34
-34
-50
-30
-37
-33
-29
-23
-17
-23
-4
-1
0
-8
-2
-21
-28
-8
-7
-12
-4
-4
-7
-13
-20
-26
-25
-27
-43
-34
-28
-36
-40
-28
-23
-35
-28
-42
-52
-57
-43
-42
-36
-39
-36
-27
-17
-14
-30
-20
-26
-11
-5
-11
-1
5
13
20
16
27
20
19
10
-4
16
17
28
30
19
14
14
20
24
24
40
55
35
37
56
57
68
71
63
52
47
62
40
38
45
46
46
44
36
49
54
53
57
38
47
49
45
49
53
53
56
62
61
59
66
56
65
68
76
69
60
76
63
71
76
72
54
62
67
48
60
64
69
65
52
72
53
64
65
56
60
60
73
41
40
47
55
76
54
54
53
39
49
42
47
53
59
63
53
57
47
43
50
55
43
38
44
20
36
34
18
9
25
25
24
41
29
19
15
2
16
22
17
11
4
-1
-16
1
-1
18
9
-2
-7
4
32
26
37
22
31
25
18
45
41
47
27
18
19
18
29
12
22
26
29
46
37
39
29
33
42
50
50
54
57
50
59
54
46
41
43
35
29
33
45
37
16
18
26
23
41
54
48
39
44
45
36
38
31
35
41
59
52
54
53
41
33
29
45
25
26
19
8
9
4
15
8
20
29
26
35
37
21
29
20
33
37
29
23
8
21
12
32
17
22
26
3
13
13
6
17
10
12
10
22
42
18
16
12
16
21
22
39
20
37
28
25
31
8
10
-16
-11
-12
-28
-22
-19
-22
-26
-26
-23
-32
-35
-17
-15
-12
-15
-22
-14
-15
-11
-21
-14
-23
-27
-21
-20
-16
-28
-29
-22
-25
-26
-27
-28
-17
-8
7
5
-17
-1
-11
-13
-6
-10
-13
-17
-7
-12
-17
-13
-17
-20
-25
-10
-2
-11
-12
12
4
-19
-11
-8
-5
6
4
2
1
3
-2
4
3
12
1
-249
-129
38
93
94
-79
26
-84
-27
171
78
82
42
106
79
1
76
-22
8
62
133
78
4
28
61
191
397
217
-159
-113
-15
189
54
16
38
-268
-104
-25
-59
-130
-156
76
-20
37
71
-93
-92
13
208
139
69
77
-18
-51
-51
9
-37
-135
-134
-207
-229
-258
-369
-345
-214
-203
-243
-179
-172
-175
-141
20
144
103
177
207
174
198
265
313
233
213
223
173
143
84
133
129
385
104
-421
-357
-286
73
-142
-139
-65
-440
-198
-83
-8
-96
-71
266
119
208
207
11
-35
71
313
179
15
-42
-262
-498
-615
-627
-366
-411
-437
-450
-717
-744
-615
-240
56
-5
111
186
208
295
446
530
508
592
584
547
381
303
294
327
492
-86
-506
-524
-514
-311
-530
-462
-568
-680
-360
-317
-213
-224
-27
215
245
425
281
112
104
199
236
0
-104
-193
-294
-409
-516
-474
-541
-552
-457
-391
-379
-389
-231
-53
148
268
330
417
435
447
460
490
489
493
451
329
263
186
218
256
188
245
304
28
-362
-409
-220
-81
-160
-132
-155
-331
-226
-66
13
-3
74
224
189
177
162
36
-23
16
-93
-144
-308
-443
-532
-698
-661
-634
-538
-551
-630
-561
-466
-369
-242
-70
85
108
180
335
375
391
465
607
673
734
817
854
955
961
1033
917
848
901
6
-557
-408
-34
-15
-725
-597
-785
-1128
-683
-351
-182
-378
19
472
307
465
576
545
606
939
1129
705
379
226
43
-98
-145
-141
-411
-704
-773
-811
-858
-867
-758
-515
-322
-227
-120
-34
54
144
385
637
654
572
474
418
313
207
200
171
62
-106
-205
-354
-517
-523
-445
-361
-306
-242
-206
-233
-183
-49
123
265
359
418
386
350
328
327
321
304
252
154
32
-125
-222
-286
-293
-325
-313
-337
-374
-393
-352
-302
-174
-290
-320
-385
-534
-234
-414
-355
-431
-454
-165
-411
-348
-415
-432
-197
-156
-14
-121
-136
-60
-28
95
94
120
137
215
263
293
270
333
577
852
1057
1138
1081
892
819
891
925
823
506
-40
-340
-416
-331
-474
-765
-743
-778
-718
-519
-400
-325
-241
156
486
585
686
657
648
707
844
868
641
413
224
43
-124
-271
-402
-579
-671
-678
-707
-736
-741
-634
-433
-214
-52
67
164
220
325
461
570
595
583
546
481
364
234
143
37
-47
-127
-206
-319
-412
-484
-454
-407
-320
-358
-577
-707
-750
-498
-380
-349
-506
-585
-493
-442
-223
-292
-264
-264
-220
-88
-220
-231
-292
-272
-137
-51
30
1
25
197
472
717
923
1106
1361
1733
1865
1852
1277
675
762
592
294
-95
-349
-556
-1238
-1261
-1160
-1334
-1197
-891
-448
-413
-271
105
223
547
959
1267
1279
1210
1240
1010
799
686
539
322
2
-272
-551
-877
-1087
-1151
-1074
-984
-928
-813
-700
-601
-403
-109
213
443
600
740
787
775
752
767
746
671
552
403
190
-85
-279
-367
-441
-494
-520
-554
-614
-618
-519
-391
-216
-54
115
266
337
402
464
527
596
568
410
122
-215
-294
-402
-655
-758
-1191
-1392
-1389
-1495
-1273
-1402
-1271
-1028
-946
-581
-499
-355
-146
96
419
574
677
717
752
883
1010
1112
1187
1149
1156
1262
1609
1625
1299
694
60
118
165
137
-307
-1016
-1176
-1223
-1018
-896
-974
-866
-686
-171
169
268
362
453
823
1187
1363
1265
979
762
644
589
410
110
-237
-558
-760
-909
-1063
-1196
-1220
-1121
-926
-756
-649
-525
-371
-92
227
480
662
700
723
730
727
706
605
502
364
194
30
-149
-341
-485
-544
-558
-551
-552
-579
-529
-433
-287
-126
63
169
294
348
348
243
1
-78
-205
-273
-538
-681
-827
-1003
-1015
-1141
-1083
-1132
-1099
-1008
-956
-764
-669
-488
-384
-194
41
244
467
589
821
899
912
1071
1190
1426
1530
1618
1950
2001
1742
1112
428
319
221
159
-99
-774
-1238
-1488
-1348
-1214
-1249
-1001
-774
-438
-55
163
310
437
846
1308
1525
1523
1297
1030
838
724
645
375
8
-344
-676
-924
-1164
-1298
-1316
-1253
-1085
-928
-805
-720
-542
-244
116
466
695
806
833
823
833
814
783
722
605
459
224
-53
-287
-469
-562
-602
-610
-621
-700
-690
-635
-481
-279
-66
107
213
-23
-133
-69
-106
134
-159
-204
-406
-692
-549
-855
-819
-912
-949
-850
-1004
-892
-990
-895
-726
-484
-239
-127
26
155
416
657
717
759
1103
1177
1345
1335
1307
1718
1930
2263
1961
1079
720
351
448
459
-82
-514
-1198
-1247
-1123
-1230
-1088
-1181
-858
-392
-101
167
117
348
720
1166
1529
1464
1300
1050
918
877
710
519
156
-224
-458
-737
-979
-1184
-1274
-1179
-1058
-897
-809
-759
-586
-325
54
389
578
722
791
831
881
890
870
791
703
543
345
115
-123
-296
-418
-446
-513
-554
-645
-674
-631
-512
-465
-613
-573
-530
-284
-268
-457
-411
-488
-308
-217
-304
-293
-483
-495
-470
-501
-503
-594
-653
-677
-609
-558
-503
-398
-210
-57
124
451
592
802
870
985
1264
1489
1855
2104
2404
2327
1789
1231
934
852
742
221
-523
-630
-1038
-1089
-1354
-1612
-1229
-1405
-692
-317
-326
20
-4
637
942
1314
1599
1286
1387
1256
1181
1014
690
512
82
-161
-426
-772
-1073
-1343
-1330
-1242
-1189
-1114
-1062
-911
-656
-403
7
319
500
709
831
934
926
935
937
853
801
607
392
145
-107
-260
-382
-483
-610
-687
-786
-831
-1118
-1309
-1203
-929
-641
-625
-723
-800
-655
-367
-133
-95
-49
-72
-104
-40
-171
-222
-363
-390
-346
-505
-584
-735
-644
-493
-310
-162
4
262
305
638
821
974
1360
1602
1975
2219
2185
2251
1746
1377
1376
1017
882
383
-151
-483
-1232
-1323
-1416
-1406
-1232
-1574
-1131
-778
-559
-199
-66
474
737
1118
1481
1363
1382
1257
1284
1212
967
779
246
-123
-345
-672
-943
-1208
-1298
-1332
-1393
-1299
-1192
-1059
-818
-504
-106
136
300
544
725
892
976
1043
1078
974
868
653
475
233
32
-127
-346
-599
-1164
-1533
-1861
-1682
-1449
-1572
-1471
-1642
-1353
-1015
-788
-349
-327
-71
123
259
342
171
150
68
139
22
-189
-425
-571
-554
-506
-480
-654
-403
-292
-158
-4
160
544
790
1160
1440
1535
1898
2123
2180
1967
1611
1432
1157
903
582
10
-437
-846
-1281
-1338
-1433
-1425
-1462
-1392
-1045
-914
-545
-236
51
465
722
1049
1115
1166
1221
1111
1095
970
763
472
101
-174
-502
-742
-934
-1108
-1203
-1317
-1304
-1259
-1159
-968
-705
-389
-142
77
310
507
702
834
938
1034
990
921
797
576
109
-348
-739
-1009
-1069
-1282
-1454
-1713
-1871
-1725
-1589
-1395
-1139
-881
-612
-360
-169
-20
122
273
465
538
451
306
163
74
-8
-52
-82
-165
-152
-120
-83
29
70
214
550
805
1079
1328
1373
1556
1866
2147
2624
2621
2439
1673
316
159
442
731
421
-539
-1005
-1656
-1654
-1201
-1214
-1045
-917
-459
-112
-85
66
92
515
1194
1656
1662
1214
939
833
812
872
740
439
-71
-502
-688
-979
-1201
-1245
-1170
-1047
-1069
-1058
-1008
-926
-572
-154
260
491
550
641
671
806
908
981
1040
866
709
484
242
46
-146
-244
-405
-555
-711
-1177
-1476
-1662
-1581
-1221
-1323
-1218
-1301
-1282
-917
-787
-415
-276
-165
50
17
-4
-93
-139
-128
-153
-247
-474
-739
-953
-972
-940
-831
-731
-663
-502
-347
-71
265
602
863
1247
1730
2348
2671
2917
3198
3154
3401
3122
2258
659
-357
169
169
-220
-1272
-2368
-2899
-3096
-2155
-1818
-1784
-1406
-994
-278
99
503
737
1057
1910
2424
2460
2073
1625
1379
1157
1088
899
308
-451
-1086
-1451
-1686
-1968
-2014
-1949
-1835
-1710
-1641
-1333
-1054
-635
-1
517
881
988
1086
1192
1246
1360
1404
1315
1079
760
433
42
-264
-470
-720
-932
-1156
-1244
-1358
-1460
-1555
-1491
-1579
-1431
-966
-816
-602
-875
-684
-321
-218
140
-27
-68
-235
-367
-273
-539
-627
-864
-985
-1016
-1179
-1300
-1503
-1512
-1375
-1122
-990
-949
-805
-674
-330
93
537
847
935
1155
1354
1726
2214
2644
3054
3209
3170
2921
2327
1646
671
-365
-455
-463
-661
-1458
-2569
-2991
-3262
-2631
-1824
-1514
-1144
-981
-428
-4
431
1037
1257
1747
2133
2207
1965
1448
1166
876
697
498
-15
-646
-1404
-1859
-2028
-2119
-2096
-2079
-1939
-1819
-1677
-1344
-959
-512
-1
485
847
1004
1101
1166
1185
1287
1290
1185
961
592
254
-108
-419
-621
-816
-966
-1196
-1311
-1499
-1588
-1629
-1637
-1384
-1292
-930
-792
-795
-795
-743
-373
-143
31
-22
-169
-262
-327
-312
-435
-543
-756
-921
-1008
-1174
-1258
-1366
-1326
-1156
-1039
-894
-843
-747
-489
-170
197
454
601
958
1251
1474
1835
2048
2656
3193
3400
3492
2972
2248
1595
773
107
-261
-358
-613
-1640
-2504
-2859
-3003
-2640
-2057
-1495
-1245
-1001
-435
-119
336
910
1379
1834
2124
2256
1961
1550
1340
1120
915
584
128
-555
-1269
-1695
-1943
-2003
-2041
-2008
-1924
-1845
-1694
-1415
-964
-526
-6
492
837
1025
1083
1209
1335
1420
1439
1327
1079
725
386
56
-227
-499
-712
-926
-1120
-1436
-1871
-2026
-1982
-1571
-1265
-1086
-992
-1128
-847
-543
-127
218
227
336
260
235
218
52
-45
-199
-335
-499
-710
-944
-1206
-1321
-1245
-1069
-969
-964
-982
-826
-463
-145
269
584
782
966
1216
1574
1903
2316
2630
2988
3241
3608
3670
3540
2850
1936
880
-228
-184
-179
-413
-1262
-2539
-2842
-3189
-2633
-1875
-1585
-1055
-862
-141
211
511
1104
1413
2085
2503
2626
2407
1816
1538
1272
1069
860
348
-317
-1069
-1622
-1895
-2059
-2065
-1977
-1905
-1750
-1647
-1369
-943
-469
148
637
1058
1244
1340
1457
1506
1614
1585
1515
1283
874
539
97
-246
-558
-767
-926
-1163
-1402
-2062
-2289
-2061
-1678
-1267
-1212
-1110
-1014
-854
-389
-71
132
316
405
447
391
243
13
-188
-279
-315
-487
-800
-1151
-1448
-1446
-1324
-1176
-1072
-1181
-1082
-834
-498
-86
166
520
856
1053
1313
1479
1784
2079
2442
2720
2957
3300
3548
3607
3448
2725
1686
578
-284
-36
-28
-535
-1461
-2522
-2651
-2747
-2281
-1591
-1399
-848
-464
186
515
633
1174
1536
2185
2637
2597
2305
1740
1523
1295
1037
821
260
-406
-1077
-1478
-1701
-1925
-1923
-1830
-1708
-1576
-1445
-1146
-770
-314
260
766
1135
1324
1381
1467
1525
1610
1583
1464
1225
823
465
63
-273
-540
-810
-1031
-1422
-1760
-1945
-2010
-1860
-1665
-1327
-1149
-1045
-832
-637
-349
-76
202
391
419
420
272
111
-15
-99
-182
-470
-776
-1013
-1282
-1357
-1391
-1351
-1252
-1251
-1110
-1079
-867
-528
-137
175
380
652
798
990
1186
1501
1796
2020
2327
2616
2783
2818
2908
3237
3447
2808
1687
287
-853
-803
-450
-319
-1262
-2528
-2884
-3048
-2518
-1921
-1505
-1083
-729
77
381
442
722
1053
1741
2283
2533
2191
1471
1081
839
745
538
126
-504
-1261
-1693
-1907
-2086
-2186
-2142
-1884
-1621
-1454
-1242
-1000
-624
-45
546
1001
1188
1246
1276
1290
1399
1390
1276
1035
714
372
-45
-395
-720
-1235
-1744
-1988
-1934
-1804
-1882
-1966
-1903
-1666
-1310
-900
-575
-384
-238
-17
262
422
441
336
211
134
6
-204
-476
-755
-959
-1139
-1232
-1303
-1431
-1477
-1480
-1310
-1093
-882
-662
-415
-146
113
462
695
889
1140
1301
1592
1796
2032
2272
2362
2794
2972
3140
3598
3791
2884
990
-645
-845
-73
200
-300
-1587
-2872
-3185
-3006
-2283
-1758
-1459
-972
-467
258
401
343
614
1307
2314
2743
2611
2085
1404
1027
870
955
777
81
-631
-1236
-1635
-1935
-2134
-2063
-1919
-1706
-1466
-1337
-1175
-905
-399
290
862
1277
1366
1334
1365
1424
1558
1530
1436
1146
765
338
-103
-739
-1427
-1393
-1425
-1452
-1700
-2077
-2001
-2012
-1472
-1107
-849
-480
-369
-66
52
298
404
446
655
631
482
99
-215
-378
-514
-543
-718
-941
-1200
-1389
-1351
-1230
-1114
-1015
-827
-609
-407
-183
38
316
600
913
1116
1305
1382
1552
1887
2093
2384
2377
2363
2528
2910
3205
3601
3573
2400
514
-1379
-953
166
342
-307
-1949
-2669
-2962
-2599
-1675
-1448
-871
-553
85
690
598
637
659
1554
2587
2843
2565
1754
1237
859
735
925
679
46
-769
-1325
-1575
-1843
-1947
-1798
-1519
-1241
-1143
-1061
-885
-559
2
622
1172
1483
1495
1414
1377
1457
1514
1431
1347
954
449
-49
-530
-773
-1180
-1346
-1383
-1495
-1631
-1835
-1802
-1617
-1236
-785
-473
-303
-301
-134
99
368
579
611
586
406
158
-33
-216
-293
-427
-618
-862
-1072
-1165
-1239
-1198
-1078
-990
-945
-838
-636
-427
-209
80
472
754
956
1096
1224
1417
1698
2165
2398
2460
2577
2448
2742
3010
3287
3858
2852
1458
-307
-1382
-548
-297
-71
-1109
-2614
-2774
-3021
-2209
-1696
-1283
-607
-349
594
739
680
826
1111
2142
2646
2781
2345
1462
1008
681
730
645
143
-478
-1195
-1606
-1895
-2074
-2034
-1877
-1520
-1210
-1033
-879
-671
-252
359
969
1444
1575
1528
1464
1450
1464
1388
1206
848
513
76
-407
-854
-1299
-1494
-1615
-1658
-1662
-1743
-1752
-1657
-1341
-929
-579
-286
-130
5
186
346
514
542
526
419
172
-68
-331
-564
-751
-942
-1015
-1156
-1294
-1423
-1462
-1299
-1131
-904
-716
-456
-254
-73
183
464
866
1074
1243
1322
1428
1657
1891
2178
2173
2155
2369
2677
3049
3176
3231
2624
1285
125
-792
-582
-199
-276
-1021
-2255
-2598
-2611
-2314
-1601
-1093
-624
-314
233
579
558
756
1165
1809
2335
2439
2076
1417
977
727
600
465
100
-485
-1092
-1519
-1769
-1917
-1939
-1742
-1470
-1212
-1026
-879
-600
-221
277
844
1240
1396
1380
1370
1349
1329
1240
1094
785
319
-20
-449
-756
-1155
-1458
-1538
-1676
-1587
-1620
-1591
-1512
-1357
-938
-617
-274
-114
-88
8
187
389
444
399
269
68
-130
-314
-475
-725
-958
-1084
-1167
-1242
-1332
-1331
-1311
-1163
-966
-740
-464
-286
-128
51
357
707
910
1064
1215
1282
1343
1521
1838
1965
2188
2321
2407
2368
2589
3152
3327
2447
1061
-196
-913
-572
-197
-309
-1151
-2175
-2394
-2398
-2041
-1446
-1109
-571
-30
580
672
502
752
1155
1790
2290
2383
1964
1227
834
619
472
296
-82
-527
-1067
-1442
-1698
-1904
-1854
-1610
-1251
-957
-766
-614
-442
-130
380
918
1275
1411
1402
1321
1211
1125
1007
888
515
193
-101
-545
-944
-1394
-1564
-1589
-1617
-1498
-1541
-1554
-1449
-1216
-801
-470
-146
-53
-39
134
253
395
326
285
164
-130
-261
-471
-619
-866
-1023
-1033
-1064
-1064
-1183
-1220
-1146
-938
-636
-466
-312
-187
27
271
546
801
867
1067
1180
1344
1539
1614
1891
2098
2208
2303
2218
2451
2771
2991
3083
2175
872
-389
-961
-425
-264
-389
-1164
-2109
-2319
-2323
-1744
-1249
-881
-269
141
678
772
715
832
1145
1867
2289
2276
1820
1160
727
430
370
232
-134
-582
-1051
-1407
-1680
-1778
-1662
-1397
-1044
-756
-540
-418
-233
75
536
1021
1354
1454
1408
1269
1179
1090
1014
840
519
156
-213
-564
-905
-1187
-1394
-1478
-1412
-1313
-1274
-1307
-1278
-1048
-696
-254
-30
45
46
81
263
323
356
258
111
-4
-251
-519
-776
-960
-1016
-1065
-1100
-1168
-1241
-1222
-1111
-923
-660
-418
-212
-58
67
281
502
760
1009
1072
1104
1210
1263
1445
1749
1915
2081
1955
1913
2089
2287
2603
2846
2886
2003
715
-477
-793
-365
-204
-317
-1086
-1772
-1921
-1933
-1502
-1094
-645
-154
318
811
766
596
655
1055
1715
2090
2088
1579
949
519
298
298
170
-171
-585
-1003
-1284
-1464
-1581
-1499
-1234
-853
-567
-394
-289
-172
91
494
946
1283
1345
1258
1104
971
917
739
645
475
181
-242
-653
-931
-1155
-1284
-1386
-1367
-1297
-1208
-1185
-1178
-1039
-757
-412
-77
94
64
-21
3
107
188
133
-12
-256
-535
-667
-778
-897
-1039
-1115
-1080
-1012
-993
-1007
-953
-833
-540
-296
-54
68
191
319
479
743
968
1220
1306
1338
1375
1560
1774
2162
2246
2390
2352
2389
2546
2803
2706
1606
241
-793
-714
-278
-260
-678
-1601
-2148
-2077
-1771
-1207
-932
-594
-184
416
911
871
754
840
1305
1895
2144
1979
1391
769
391
223
153
-84
-474
-919
-1284
-1434
-1535
-1589
-1473
-1218
-829
-516
-314
-187
-73
236
650
1055
1299
1303
1187
1036
913
829
656
407
141
-186
-460
-769
-1027
-1313
-1487
-1463
-1344
-1205
-1165
-1139
-1047
-838
-520
-207
-25
56
39
49
130
146
110
-17
-162
-293
-459
-701
-960
-1148
-1146
-1094
-1069
-1075
-1123
-1098
-996
-737
-504
-307
-175
-45
186
397
554
650
800
979
1228
1286
1211
1151
1339
1604
1890
2058
1963
2076
2283
2487
2940
2431
1374
-279
-1122
-350
147
144
-806
-1813
-2098
-2059
-1403
-1072
-858
-531
-168
507
745
697
449
534
1318
1951
2117
1671
1026
511
208
258
281
3
-492
-934
-1135
-1299
-1464
-1518
-1389
-1028
-669
-432
-376
-348
-165
157
630
1047
1213
1115
918
844
796
683
604
402
164
-157
-427
-681
-1015
-1206
-1324
-1243
-1113
-1077
-1062
-1149
-1084
-865
-557
-229
-62
-40
-73
-141
-92
-70
-69
-84
-189
-280
-455
-645
-839
-1017
-1056
-925
-826
-866
-949
-1059
-996
-818
-549
-267
-122
5
118
251
461
677
845
1029
1113
1302
1376
1406
1487
1556
1786
1989
2299
2437
2400
2496
2392
1849
602
-744
-818
-261
144
-339
-1313
-2003
-2262
-1840
-1243
-821
-566
-353
87
497
710
616
540
951
1625
2039
1864
1317
714
233
122
212
152
-255
-818
-1194
-1404
-1488
-1542
-1477
-1194
-931
-663
-455
-392
-350
-85
367
795
1091
1188
1000
797
762
733
611
540
380
149
-137
-659
-1023
-1242
-1238
-1192
-1199
-1172
-1238
-1257
-1176
-1010
-759
-475
-227
-84
-5
-51
-108
-165
-121
-1
-42
-129
-361
-595
-787
-882
-862
-943
-1017
-1046
-1016
-997
-988
-907
-832
-622
-323
-143
36
61
201
411
663
911
1042
1110
1209
1323
1494
1584
1672
1811
1985
2221
2324
2201
2198
2199
1717
580
-801
-872
-342
-69
-518
-1308
-1773
-2017
-1723
-1114
-714
-402
-223
215
677
896
824
653
1049
1643
1939
1744
1231
727
225
23
45
-31
-391
-880
-1190
-1361
-1479
-1547
-1487
-1225
-898
-608
-440
-346
-222
-10
348
754
1040
1087
950
787
684
573
451
338
235
23
-198
-529
-983
-1319
-1394
-1245
-1178
-1182
-1248
-1305
-1240
-1077
-850
-629
-418
-254
-123
-79
-152
-220
-268
-219
-172
-272
-455
-710
-903
-1017
-1025
-1004
-1024
-1093
-1169
-1184
-1190
-1091
-967
-775
-595
-424
-254
-120
-39
88
295
577
875
1058
1078
1021
1074
1247
1570
1831
2009
1982
1899
1755
2072
2086
1442
101
-1023
-787
-242
-110
-714
-1519
-1889
-1935
-1428
-922
-732
-600
-359
322
822
934
682
557
1037
1627
1872
1607
1088
559
131
80
105
-112
-571
-991
-1139
-1227
-1342
-1484
-1469
-1188
-832
-511
-305
-213
-123
98
489
881
1085
1065
927
847
798
680
502
394
267
105
-174
-401
-619
-1081
-1267
-1279
-1082
-993
-1036
-1078
-1109
-968
-750
-510
-290
-135
-35
-20
8
31
-61
-126
-99
-106
-242
-450
-645
-797
-877
-896
-861
-858
-906
-925
-922
-843
-726
-562
-357
-191
-3
78
244
417
578
749
999
1205
1290
1385
1458
1604
1684
1812
1952
2017
1803
1788
2044
1915
900
-702
-1215
-620
-109
-263
-943
-1516
-1823
-1717
-1183
-768
-517
-375
23
623
913
760
410
597
1221
1656
1657
1271
763
171
-104
-24
-43
-342
-796
-1081
-1161
-1256
-1359
-1427
-1296
-927
-565
-306
-232
-183
-70
186
604
950
1039
921
776
705
607
481
366
282
184
1
-192
-456
-679
-1113
-1268
-1088
-844
-768
-966
-1032
-1041
-832
-569
-335
-207
-139
-88
-22
52
45
-85
-173
-173
-153
-291
-530
-725
-910
-939
-896
-859
-866
-947
-956
-874
-758
-631
-479
-284
-112
70
145
203
311
483
717
909
1096
1121
1202
1231
1295
1471
1576
1866
1913
1739
1541
1623
1935
1732
845
-389
-853
-374
101
-62
-711
-1258
-1427
-1185
-686
-442
-385
-307
127
672
930
804
519
609
1125
1533
1522
1142
645
221
61
135
80
-225
-617
-827
-877
-929
-1085
-1151
-1040
-729
-398
-208
-111
-103
14
243
561
846
893
805
715
663
582
457
393
308
201
70
-72
-270
-488
-686
-941
-983
-811
-631
-647
-804
-892
-842
-665
-410
-275
-228
-206
-161
-93
-56
-77
-138
-214
-221
-216
-353
-537
-727
-821
-805
-741
-697
-732
-784
-779
-695
-553
-393
-246
-123
-2
128
238
340
476
656
805
898
1066
1145
1204
1222
1309
1548
1718
1746
1646
1476
1585
1770
1742
1160
-182
-815
-463
146
53
-631
-1132
-1405
-1259
-836
-601
-545
-468
-75
417
731
723
336
331
847
1384
1425
1073
657
246
57
105
116
-126
-509
-758
-852
-930
-1065
-1187
-1113
-828
-482
-297
-263
-243
-138
76
394
686
796
746
664
663
648
531
428
380
332
220
71
-139
-403
-660
-726
-823
-702
-635
-698
-794
-890
-781
-655
-462
-309
-202
-188
-131
-78
-84
-80
-69
-28
-32
-115
-251
-433
-569
-653
-674
-645
-644
-650
-680
-697
-658
-557
-429
-248
-75
62
182
259
401
557
766
890
1034
1110
1246
1371
1421
1416
1441
1551
1641
1579
1529
1632
1775
1752
1202
-4
-710
-411
195
193
-319
-797
-1132
-1132
-788
-553
-443
-272
96
482
716
646
304
306
841
1374
1412
1105
721
327
130
143
136
-33
-334
-537
-665
-822
-984
-1122
-1033
-742
-424
-273
-293
-316
-232
-4
319
612
749
723
641
630
576
493
419
427
417
310
171
-76
-284
-517
-541
-625
-671
-642
-655
-682
-791
-790
-719
-535
-345
-221
-232
-219
-173
-117
-59
-1
43
22
-85
-168
-268
-404
-480
-541
-546
-562
-579
-611
-658
-666
-563
-431
-275
-129
-13
85
225
395
592
695
769
900
1093
1265
1360
1429
1444
1489
1523
1562
1545
1575
1703
1741
1613
692
-414
-642
-97
290
-95
-563
-922
-1144
-1016
-738
-543
-432
-165
247
556
725
463
149
427
1088
1437
1288
979
594
258
181
263
202
-61
-327
-478
-614
-799
-1020
-1095
-897
-545
-269
-250
-353
-355
-209
82
424
666
712
630
606
614
544
444
393
407
376
334
134
-132
-381
-435
-434
-308
-428
-706
-779
-805
-752
-768
-691
-580
-470
-392
-358
-349
-354
-277
-161
3
70
-77
-253
-370
-364
-403
-458
-474
-553
-617
-664
-699
-707
-699
-651
-507
-360
-234
-142
-47
68
287
453
674
814
842
894
1014
1234
1404
1488
1511
1485
1423
1435
1499
1748
1785
1250
-35
-605
-298
188
42
-433
-831
-1155
-1100
-845
-705
-684
-531
-149
315
612
500
106
157
772
1239
1278
1082
763
367
189
253
236
8
-266
-438
-553
-693
-952
-1160
-1102
-810
-529
-420
-421
-452
-409
-205
126
454
586
571
574
620
585
494
450
453
445
387
273
48
-199
-376
-411
-350
-257
-373
-527
-715
-705
-658
-688
-540
-429
-288
-306
-293
-268
-249
-179
-45
66
74
-99
-240
-329
-351
-366
-428
-469
-532
-605
-715
-795
-834
-762
-632
-477
-322
-270
-279
-223
-64
150
363
563
685
768
782
864
978
1116
1190
1240
1343
1407
1420
1327
1313
1389
1522
1696
1534
526
-372
-353
240
343
-47
-465
-815
-864
-691
-531
-521
-376
-102
204
510
607
257
65
487
1066
1220
1041
801
491
317
330
291
136
-57
-223
-343
-477
-632
-847
-917
-732
-462
-308
-348
-384
-332
-184
88
342
522
530
502
561
570
546
497
479
491
489
398
191
3
-116
-158
-183
-135
-172
-249
-419
-523
-518
-489
-372
-383
-339
-320
-308
-306
-275
-234
-164
-135
-30
-32
-84
-181
-272
-280
-240
-239
-352
-407
-497
-572
-626
-607
-523
-498
-435
-337
-282
-248
-171
-14
189
374
535
607
643
708
853
1021
1062
1106
1092
1191
1228
1272
1269
1312
1358
1430
1535
1397
641
-236
-265
166
395
33
-369
-729
-866
-722
-531
-479
-342
-160
103
312
418
169
-25
355
853
1038
917
677
383
196
227
267
153
-41
-233
-370
-466
-585
-766
-844
-702
-486
-376
-386
-452
-421
-267
-18
258
412
394
328
371
427
428
396
404
388
393
312
174
24
-110
-153
-141
-94
-96
-218
-388
-458
-422
-371
-326
-301
-330
-337
-326
-343
-341
-301
-242
-155
-114
-142
-212
-281
-289
-253
-245
-268
-329
-414
-490
-523
-522
-541
-515
-474
-430
-388
-359
-306
-207
-46
107
251
343
434
548
649
738
829
971
1037
1118
1136
1250
1241
1284
1320
1404
1497
1545
1111
108
-216
34
409
176
-156
-543
-842
-794
-643
-596
-564
-383
-160
65
272
201
-88
79
563
918
908
766
520
291
292
331
269
111
-53
-188
-317
-452
-679
-849
-783
-572
-388
-400
-487
-547
-459
-262
-14
206
257
286
316
373
386
357
382
452
495
459
326
148
7
-57
-64
-33
-37
-115
-219
-304
-328
-285
-259
-234
-193
-152
-194
-203
-244
-258
-252
-165
-87
-160
-186
-288
-299
-311
-274
-265
-319
-349
-405
-433
-497
-484
-504
-488
-406
-384
-380
-399
-377
-335
-262
-135
-67
27
92
172
249
364
495
558
647
677
799
848
903
956
1017
1178
1219
1366
1366
1381
1176
308
-78
21
459
258
-115
-450
-798
-821
-716
-650
-666
-527
-311
-161
71
79
-217
-152
304
750
743
618
469
280
256
308
321
202
24
-154
-277
-352
-527
-733
-728
-585
-444
-494
-579
-609
-518
-343
-180
15
114
110
153
264
325
307
322
410
458
456
366
216
120
103
96
49
26
-74
-202
-269
-270
-277
-288
-247
-184
-136
-83
-113
-136
-99
8
15
13
-18
-87
-89
-132
-133
-261
-257
-290
-304
-380
-460
-512
-570
-521
-470
-437
-463
-472
-437
-366
-277
-205
-156
-84
-20
4
27
42
84
126
180
241
253
242
199
272
332
414
446
538
616
754
908
1094
1294
1553
1397
334
-30
249
865
604
214
-147
-591
-687
-689
-597
-695
-594
-423
-300
-74
-171
-590
-533
48
542
537
479
365
146
151
291
392
305
225
119
-4
-124
-330
-558
-530
-326
-210
-292
-433
-518
-538
-444
-278
-64
53
61
66
124
132
108
207
365
509
496
428
317
235
200
175
199
232
193
63
-80
-153
-195
-234
-186
-75
-28
-100
-159
-153
-108
-101
16
81
106
108
24
-29
-132
-119
-120
-88
-111
-204
-316
-419
-407
-458
-431
-396
-317
-292
-333
-355
-351
-254
-129
-23
-4
24
44
99
114
125
130
194
273
319
312
223
204
179
275
332
352
294
306
375
468
493
450
461
593
755
732
535
331
337
425
522
285
60
-59
17
-3
-98
-147
-288
-246
-181
-51
-103
-157
-155
-105
56
160
145
85
102
170
212
226
223
135
97
106
101
17
-54
-76
-71
-71
-104
-134
-170
-150
-118
-84
-63
-43
-8
14
69
129
162
167
187
226
269
268
253
265
264
234
205
179
144
129
97
75
45
21
3
-14
-31
-55
-46
-11
49
55
-43
-120
-113
-25
-24
-39
-86
-160
-195
-232
-185
-175
-190
-226
-237
-222
-208
-238
-295
-293
-232
-177
-151
-126
-123
-131
-103
-27
35
46
74
95
128
113
134
157
165
211
224
264
247
276
275
250
282
332
385
394
393
364
298
307
284
260
242
243
186
23
-87
-165
-176
-200
-242
-285
-329
-357
-405
-414
-366
-300
-220
-187
-162
-163
-183
-141
-93
-52
-58
-60
-73
-108
-139
-161
-157
-160
-163
-182
-202
-210
-217
-206
-156
-55
25
58
69
72
96
132
208
283
333
371
348
375
372
474
551
668
815
978
1116
1096
494
101
174
549
574
279
50
-302
-341
-413
-394
-431
-422
-277
-183
-12
-43
-259
-325
-63
330
421
353
285
144
118
121
175
153
97
43
-38
-114
-260
-392
-444
-332
-176
-167
-272
-348
-348
-298
-225
-97
50
72
45
19
46
47
64
120
186
266
250
181
78
50
41
36
85
101
43
-65
-155
-159
-176
-152
-102
-86
-69
-97
-92
-113
-78
-22
36
106
130
108
47
26
13
47
56
75
40
-10
-76
-123
-144
-137
-120
-91
-96
-123
-133
-132
-109
-82
-29
4
26
23
23
17
12
30
56
75
74
61
37
5
9
-9
7
-33
5
-94
-156
-144
-160
-176
-285
-240
-250
-191
-209
-241
-231
-216
-144
-116
-94
-52
-31
-45
-41
7
19
2
7
7
-8
-8
-12
-15
-35
-59
-27
-12
13
5
-18
-58
-23
14
0
-9
-17
9
13
0
-20
-52
-73
-58
-59
-64
-83
-99
-146
-147
-130
-118
-120
-133
-144
-165
-162
-149
-138
-135
-150
-123
-96
-93
-74
-60
-26
-22
-24
2
47
55
54
72
109
108
98
77
79
86
113
124
80
67
25
78
98
121
112
85
103
113
112
70
40
21
21
21
-19
-69
-125
-190
-189
-187
-169
-192
-217
-231
-243
-206
-170
-137
-128
-137
-127
-97
-86
-78
-70
-49
-23
8
26
14
28
20
62
77
81
82
95
118
128
149
172
199
231
244
168
138
68
105
111
106
62
14
28
-27
-38
-89
-48
-19
-5
-2
-3
5
-39
-42
-20
50
62
14
-22
-30
-13
-7
-27
-42
-51
-66
-64
-85
-104
-128
-154
-130
-99
-96
-138
-168
-156
-112
-83
-85
-95
-87
-46
-40
-15
-17
-4
30
82
122
126
107
74
80
87
107
90
82
88
86
78
56
47
28
24
22
34
30
23
31
18
10
12
19
23
40
22
27
8
-9
5
-12
-7
-26
-30
-33
-25
-29
-49
-64
-68
-59
-55
-65
-90
-69
-65
-45
-42
-39
-11
-4
5
-13
17
11
25
27
2
20
28
36
14
8
4
-2
6
3
14
23
-1
-13
-30
-5
0
-16
-12
-32
-14
-24
-4
10
-17
0
-106
-98
-166
-85
-115
-174
-199
-245
-156
-185
-134
-194
-180
-204
-156
-114
-91
-103
-123
-69
-12
30
-17
-26
-13
73
114
151
120
150
136
178
214
256
239
247
277
239
240
150
138
104
131
96
35
-13
-59
-83
-102
-91
-55
-58
-52
-29
-9
21
29
49
53
81
110
90
81
32
40
22
17
1
-28
-57
-92
-85
-101
-121
-153
-159
-141
-133
-136
-151
-153
-104
-69
-63
-82
-72
-68
-42
-44
-46
-52
-41
-31
-33
-33
-40
-37
-56
-48
-58
-61
-83
-114
-126
-106
-94
-100
-116
-125
-100
-65
-68
-105
-97
-99
-70
-46
-65
-72
-77
-52
-66
-57
-59
-87
-93
-95
-82
-87
-110
-121
-138
-118
-122
-117
-120
-114
-101
-103
-103
-111
-89
-79
-48
-55
-54
-52
-48
-32
-9
19
-2
-30
-27
-46
-45
-36
-49
-38
-55
-51
-37
-69
-46
-61
-77
-54
-55
-34
-69
-75
-64
-76
-85
-79
-96
-74
-64
-80
-74
-104
-22
-83
-135
-116
-86
-51
-69
-52
-70
-98
-111
-108
-104
-60
-63
-96
-104
-72
-73
-114
-148
-114
-96
-93
-78
-82
-100
-94
-83
-101
-97
-100
-80
-93
-67
-55
-80
-107
-121
-100
-91
-85
-96
-79
-59
-68
-78
-95
-89
-88
-44
-44
-47
-59
-84
-65
-68
-50
-67
-80
-53
-31
-8
-33
-51
-56
-25
-11
-33
-52
-56
-38
-12
-7
-15
-21
-17
-15
-6
8
-14
-15
-12
15
27
14
11
19
39
34
38
19
15
22
44
32
37
38
27
29
14
1
-9
-7
-15
-7
24
12
2
-15
-16
2
8
-13
-26
-27
-34
-17
-19
-18
-28
-21
-30
-7
6
-14
-17
-22
8
-1
-26
-37
-22
3
9
4
-5
-10
-19
-34
-16
-9
-10
3
-1
43
10
-31
-50
-32
2
11
38
10
8
15
17
24
24
6
15
41
72
53
14
-22
1
42
40
38
7
30
55
65
33
13
16
28
49
43
39
25
38
40
56
49
18
9
31
71
75
60
51
67
96
98
90
64
61
74
70
72
49
28
18
43
81
68
53
16
31
58
59
50
12
41
56
56
46
24
39
40
52
42
29
5
5
1
8
25
8
3
-6
13
9
7
-1
0
7
16
0
-27
-36
-24
-9
-10
-21
-35
-36
-33
-20
-28
-32
-12
-18
-9
7
-14
-4
-18
10
43
26
18
11
24
40
26
-1
-5
30
41
25
8
-8
-7
-30
-23
-9
-3
29
4
4
1
3
6
0
8
10
27
38
51
36
20
9
21
30
33
34
25
46
57
46
16
20
7
26
39
35
33
29
53
39
32
20
15
31
52
64
45
21
42
49
54
48
42
29
40
41
34
49
25
36
51
51
42
49
55
71
66
66
64
21
21
28
41
53
40
15
16
23
-13
-34
-31
-49
-34
-27
-31
-34
-66
-51
-56
-62
-65
-68
-63
-53
-52
-68
-86
-107
-112
-112
-103
-102
-115
-126
-119
-111
-126
-149
-177
-192
-164
-145
-125
-127
-130
-124
-145
-133
-143
-135
-104
-96
-87
-92
-118
-137
-136
-123
-104
-105
-119
-124
-107
-115
-118
-96
-80
-54
-62
-63
-76
-71
-75
-73
-28
-40
-25
-36
-29
-22
1
-31
-47
-32
-29
-22
-37
-50
-60
-39
-37
-40
-54
-45
-9
23
31
1
-4
