SAMPLES:	5377
BITSPERSAMPLE:	16
CHANNELS:	1
SAMPLERATE:	16000
NORMALIZED:	FALSE
10
-4
-5
-30
-46
-45
-59
-75
-73
-64
-68
-93
-88
-79
-79
-80
-61
-55
-64
-53
-51
-41
-28
-15
-26
-28
-20
-21
-25
-14
-6
-9
-10
-20
-14
-12
-9
-6
-10
-20
-18
-21
-26
-21
-13
-19
-14
-11
-5
-2
-2
6
9
9
11
21
26
33
44
58
59
47
72
70
72
73
56
53
40
29
18
12
-5
-3
-6
-25
-20
-30
-45
-34
-39
-48
-61
-63
-71
-58
-51
-64
-59
-25
-21
-29
-21
-11
-2
-16
-19
-27
-19
-26
-15
-21
-27
-25
-24
-34
-34
-32
-39
-36
-42
-33
-36
-13
-10
-1
0
-12
-10
-25
-29
-24
-24
-38
-41
-50
-60
-66
-84
-95
-96
-106
-102
-99
-106
-103
-102
-93
-69
-34
-14
7
24
58
72
85
114
124
145
142
144
139
137
118
105
106
79
62
47
15
-7
-26
-58
-69
-71
-86
-78
-81
-82
-60
-61
-45
-29
-13
-9
-2
-1
-5
1
-5
5
6
2
5
6
-11
-10
-19
-24
-16
-25
-20
-12
-6
-3
6
13
25
33
29
21
8
1
7
-5
-16
-7
1
-3
13
20
22
31
42
52
57
76
89
101
127
145
151
156
145
140
138
142
121
102
86
51
18
5
-4
-37
-69
-67
-73
-99
-108
-90
-98
-104
-105
-110
-103
-100
-99
-90
-81
-79
-52
-44
-38
-22
-6
-6
-19
-12
-11
-8
-10
-24
-41
-56
-62
-68
-79
-71
-83
-86
-99
-101
-81
-100
-92
-76
-54
-44
-45
-23
-2
10
35
63
88
112
137
161
156
179
193
190
173
183
180
165
155
143
110
72
42
25
-3
-22
-48
-75
-87
-107
-127
-140
-139
-144
-126
-136
-143
-145
-139
-150
-154
-145
-148
-162
-158
-157
-152
-152
-144
-133
-126
-106
-103
-70
-47
-7
17
30
53
75
88
94
107
104
104
108
105
101
86
85
61
35
27
-2
-9
-36
-51
-60
-76
-76
-60
-64
-55
-43
-11
12
47
69
88
102
114
126
136
124
113
111
91
69
38
15
-40
-81
-122
-157
-183
-207
-235
-247
-260
-252
-243
-228
-189
-159
-121
-73
-19
64
122
168
232
299
359
381
430
466
483
490
481
473
440
403
373
321
259
204
150
80
19
-28
-86
-138
-177
-199
-219
-233
-261
-256
-259
-254
-245
-239
-241
-240
-214
-220
-215
-229
-245
-269
-297
-329
-352
-368
-400
-399
-400
-403
-400
-375
-345
-347
-316
-281
-243
-191
-142
-77
-19
46
113
187
248
333
409
477
563
644
683
732
787
835
858
861
852
821
780
721
658
546
448
342
241
122
-4
-126
-193
-296
-370
-440
-512
-564
-577
-568
-559
-550
-547
-502
-445
-402
-365
-295
-248
-204
-166
-126
-91
-59
-30
12
12
4
45
74
99
106
121
149
154
180
225
227
213
220
244
253
231
234
226
175
135
105
57
-24
-98
-171
-254
-349
-420
-477
-551
-616
-675
-701
-726
-721
-703
-676
-613
-539
-415
-302
-167
-29
127
289
446
590
732
868
974
1059
1128
1169
1200
1204
1155
1096
1006
897
792
660
524
382
247
121
-1
-138
-239
-322
-420
-499
-525
-561
-585
-587
-566
-555
-555
-526
-464
-416
-408
-372
-337
-314
-322
-302
-295
-284
-270
-235
-213
-200
-170
-116
-67
-63
-40
12
42
74
140
185
198
213
247
241
239
209
174
132
70
-1
-63
-138
-229
-327
-422
-479
-554
-600
-649
-680
-690
-671
-624
-545
-456
-327
-165
1
167
365
560
731
889
1016
1139
1218
1303
1326
1301
1258
1208
1097
970
841
684
512
333
182
29
-158
-299
-370
-447
-558
-627
-651
-650
-645
-600
-529
-496
-469
-405
-325
-305
-277
-223
-172
-174
-180
-148
-147
-185
-182
-155
-194
-243
-239
-190
-189
-195
-154
-93
-54
10
98
152
157
190
257
300
291
289
293
248
177
119
23
-90
-215
-326
-435
-572
-688
-769
-818
-886
-924
-905
-852
-785
-676
-550
-379
-204
-10
210
447
666
861
1076
1247
1368
1450
1512
1577
1580
1514
1416
1314
1155
970
800
636
412
234
72
-72
-248
-423
-496
-529
-599
-652
-674
-659
-647
-628
-546
-520
-515
-491
-390
-360
-375
-351
-283
-281
-311
-297
-279
-294
-326
-295
-267
-280
-273
-203
-120
-99
-60
11
63
124
197
300
332
328
349
394
394
345
288
235
142
20
-87
-200
-347
-491
-604
-730
-854
-960
-1008
-1040
-1064
-1061
-981
-872
-762
-608
-407
-195
10
263
515
752
939
1133
1307
1483
1572
1636
1653
1659
1626
1568
1445
1276
1163
999
807
610
424
225
70
-94
-183
-349
-454
-490
-486
-544
-599
-625
-608
-613
-598
-568
-579
-613
-574
-494
-492
-528
-521
-468
-468
-476
-472
-416
-432
-383
-306
-241
-237
-189
-53
63
125
167
265
335
397
472
537
539
514
527
559
488
378
284
183
53
-128
-271
-409
-582
-729
-839
-938
-1066
-1145
-1146
-1130
-1142
-1110
-976
-814
-669
-488
-228
6
220
479
751
938
1095
1260
1413
1493
1556
1591
1592
1539
1496
1468
1410
1268
1125
1039
898
767
602
478
310
170
22
-65
-240
-374
-452
-481
-537
-610
-670
-675
-697
-724
-721
-737
-778
-809
-731
-719
-732
-734
-667
-621
-601
-559
-468
-413
-350
-251
-156
-108
-51
70
184
251
305
397
452
495
537
571
538
487
446
420
332
205
93
-19
-154
-312
-458
-598
-740
-876
-996
-1089
-1165
-1210
-1208
-1171
-1131
-1060
-906
-737
-540
-348
-98
149
366
585
794
984
1117
1237
1361
1431
1457
1505
1526
1495
1421
1393
1357
1295
1178
1112
1006
895
757
658
541
396
251
119
-10
-217
-356
-457
-525
-641
-746
-818
-857
-919
-933
-934
-957
-1019
-986
-917
-868
-857
-800
-699
-629
-574
-472
-372
-321
-232
-135
-39
2
61
158
263
294
327
369
394
413
454
453
402
328
301
262
176
65
-54
-168
-297
-425
-554
-661
-770
-892
-963
-1016
-1064
-1073
-1044
-972
-904
-802
-635
-443
-261
-34
202
414
583
756
944
1075
1159
1241
1325
1351
1378
1410
1418
1390
1353
1353
1352
1298
1207
1173
1073
966
833
728
593
459
302
164
-8
-220
-392
-490
-591
-735
-840
-898
-924
-988
-991
-993
-1005
-1026
-967
-885
-817
-773
-686
-574
-483
-409
-329
-243
-162
-86
-13
50
76
128
224
292
291
286
317
345
345
343
313
266
195
154
121
54
-44
-146
-236
-330
-452
-571
-665
-744
-821
-889
-928
-956
-961
-914
-841
-773
-663
-512
-324
-140
53
240
397
525
671
795
875
937
998
1054
1109
1142
1193
1238
1260
1280
1314
1364
1363
1314
1269
1208
1134
1039
914
771
610
429
251
89
-129
-334
-482
-586
-730
-873
-972
-1014
-1046
-1049
-1034
-1024
-1027
-966
-855
-768
-688
-626
-532
-444
-377
-311
-245
-195
-144
-91
-33
-22
0
42
101
115
110
121
128
138
137
123
112
66
27
5
-28
-87
-167
-216
-278
-335
-422
-496
-563
-636
-695
-733
-764
-776
-763
-704
-658
-578
-460
-327
-174
-61
76
183
285
362
421
479
545
613
681
770
860
978
1116
1230
1307
1373
1453
1520
1551
1530
1487
1428
1326
1205
1065
896
701
489
286
92
-129
-364
-528
-660
-787
-938
-1046
-1087
-1118
-1124
-1099
-1078
-1069
-1003
-904
-814
-747
-685
-581
-509
-436
-372
-314
-280
-248
-207
-191
-169
-193
-161
-128
-96
-120
-140
-117
-81
-62
-63
-53
-82
-100
-106
-86
-109
-166
-210
-232
-294
-359
-405
-461
-539
-597
-642
-680
-700
-710
-677
-646
-616
-541
-452
-363
-256
-152
-72
13
86
153
229
301
371
445
540
636
730
858
984
1073
1127
1193
1297
1343
1327
1291
1287
1217
1115
1014
903
731
549
370
218
2
-221
-365
-471
-581
-696
-763
-799
-791
-773
-734
-713
-702
-669
-599
-526
-460
-418
-367
-299
-252
-221
-170
-124
-67
-28
16
29
26
42
91
147
121
94
106
123
110
103
88
63
11
-5
5
-21
-82
-103
-129
-180
-224
-267
-316
-370
-435
-495
-545
-595
-620
-622
-622
-622
-579
-522
-434
-340
-262
-160
-49
54
170
300
429
573
700
829
956
1070
1195
1305
1374
1419
1464
1535
1570
1504
1429
1369
1273
1123
991
831
649
442
244
90
-95
-326
-469
-540
-650
-797
-905
-934
-960
-973
-961
-955
-963
-926
-853
-786
-747
-704
-649
-580
-547
-527
-508
-484
-453
-423
-397
-379
-366
-343
-279
-236
-238
-229
-173
-106
-75
-66
-45
-30
-41
-16
26
8
-43
-74
-112
-177
-255
-311
-347
-413
-483
-524
-563
-579
-567
-532
-491
-446
-407
-324
-239
-175
-79
19
116
207
312
445
574
682
799
927
1053
1191
1304
1366
1395
1458
1507
1549
1480
1443
1384
1300
1173
1043
900
740
542
339
173
-53
-255
-383
-482
-616
-708
-811
-801
-776
-735
-682
-623
-577
-498
-391
-314
-299
-265
-212
-187
-172
-163
-151
-169
-182
-189
-205
-233
-251
-252
-219
-217
-218
-196
-135
-78
-36
-8
18
21
30
28
29
-18
-97
-157
-201
-257
-325
-354
-367
-390
-411
-391
-355
-326
-269
-160
-51
50
158
290
391
452
502
552
575
583
628
670
695
737
799
875
951
1053
1149
1204
1234
1299
1349
1393
1332
1277
1236
1148
1021
889
725
561
371
165
-3
-210
-434
-601
-712
-866
-1009
-1144
-1184
-1202
-1226
-1221
-1207
-1199
-1112
-1031
-965
-886
-838
-744
-645
-593
-538
-482
-433
-372
-327
-335
-336
-291
-272
-225
-203
-205
-201
-163
-123
-112
-110
-110
-106
-88
-91
-63
-49
-103
-138
-166
-199
-251
-277
-285
-278
-266
-190
-73
40
144
264
325
338
330
309
292
287
307
335
418
473
570
661
757
833
926
993
1076
1161
1216
1302
1366
1398
1459
1506
1483
1409
1329
1266
1156
1009
841
692
514
318
125
-65
-280
-457
-601
-721
-888
-1038
-1138
-1182
-1221
-1274
-1292
-1289
-1268
-1191
-1107
-1055
-988
-928
-861
-815
-763
-685
-594
-537
-483
-447
-448
-427
-383
-331
-310
-295
-278
-236
-200
-170
-141
-146
-152
-150
-189
-188
-205
-241
-286
-328
-365
-364
-351
-328
-282
-238
-169
-77
22
98
196
264
322
361
393
417
426
436
433
425
445
482
512
566
643
733
840
953
1085
1200
1269
1327
1385
1451
1460
1445
1367
1304
1197
1082
911
732
555
370
167
-61
-261
-455
-623
-744
-877
-1049
-1188
-1287
-1314
-1341
-1368
-1405
-1396
-1358
-1284
-1214
-1165
-1110
-1033
-989
-954
-943
-898
-823
-790
-751
-718
-685
-650
-579
-534
-478
-470
-450
-420
-386
-371
-340
-308
-307
-327
-346
-343
-366
-393
-459
-504
-533
-583
-571
-567
-599
-611
-594
-553
-508
-474
-402
-336
-294
-246
-178
-115
-70
3
76
147
216
335
463
609
733
878
1041
1191
1362
1485
1575
1644
1686
1709
1741
1744
1732
1651
1544
1448
1315
1117
932
740
544
338
111
-100
-305
-504
-674
-810
-977
-1137
-1261
-1310
-1333
-1358
-1371
-1341
-1301
-1213
-1094
-971
-848
-708
-566
-429
-344
-263
-191
-105
-52
-31
-5
41
91
148
221
264
278
283
318
363
393
417
430
401
305
224
159
71
-32
-128
-191
-278
-364
-395
-420
-463
-471
-389
-257
-107
28
132
188
167
110
73
18
-26
-28
4
35
101
179
289
384
486
609
733
864
993
1124
1257
1353
1423
1506
1599
1646
1662
1604
1542
1467
1360
1184
1016
831
625
421
189
-30
-239
-435
-592
-723
-895
-1037
-1133
-1162
-1157
-1175
-1187
-1153
-1099
-1034
-953
-843
-756
-659
-542
-427
-356
-307
-248
-204
-179
-180
-182
-179
-163
-136
-99
-86
-79
-75
-38
-26
-42
-71
-124
-199
-269
-334
-349
-337
-330
-281
-199
-143
-137
-135
-142
-180
-250
-269
-271
-282
-276
-240
-191
-176
-167
-135
-123
-143
-174
-152
-123
-86
0
118
242
361
484
639
806
963
1108
1251
1390
1499
1574
1636
1698
1736
1729
1642
1545
1421
1282
1083
871
661
440
202
-37
-262
-475
-674
-818
-935
-1045
-1160
-1228
-1219
-1180
-1141
-1069
-964
-862
-784
-724
-658
-630
-592
-568
-535
-501
-461
-406
-324
-258
-183
-62
32
149
258
352
418
452
481
506
514
518
512
490
431
375
318
258
173
77
-16
-130
-232
-349
-458
-560
-647
-692
-695
-666
-624
-557
-459
-365
-304
-278
-229
-199
-173
-169
-146
-134
-109
-71
3
95
171
306
448
617
777
951
1127
1266
1380
1482
1536
1598
1606
1631
1577
1507
1426
1335
1172
1031
856
664
450
252
57
-176
-355
-486
-570
-729
-833
-932
-982
-988
-979
-951
-889
-818
-723
-621
-526
-465
-386
-285
-202
-103
-14
94
197
256
245
235
170
141
91
67
15
-33
-90
-125
-147
-136
-96
-41
10
32
99
153
190
180
143
66
-28
-153
-279
-394
-480
-537
-582
-620
-654
-682
-708
-720
-718
-671
-601
-522
-432
-373
-304
-266
-240
-208
-169
-109
-36
75
196
292
425
592
724
862
993
1100
1182
1241
1316
1388
1431
1428
1409
1355
1276
1160
973
791
577
351
95
-119
-334
-526
-704
-823
-951
-1070
-1183
-1243
-1266
-1286
-1296
-1273
-1231
-1205
-1166
-1114
-1045
-993
-910
-819
-724
-651
-540
-406
-251
-128
10
131
236
344
447
560
664
763
848
948
1004
1019
1007
1028
1009
976
884
783
593
341
89
-177
-413
-621
-764
-863
-958
-1039
-1069
-1106
-1105
-1088
-1004
-945
-857
-735
-601
-458
-321
-203
-145
-112
-130
-122
-131
-139
-138
-77
-1
91
206
369
511
674
804
904
1006
1073
1123
1196
1303
1371
1390
1323
1306
1225
1128
949
801
590
418
232
20
-181
-417
-606
-706
-802
-924
-1034
-1111
-1101
-1094
-1062
-1011
-946
-884
-770
-634
-482
-334
-143
75
257
360
395
376
329
275
234
253
265
308
343
399
406
417
439
481
502
540
556
563
546
499
469
386
316
213
122
40
-46
-147
-207
-302
-438
-560
-683
-806
-940
-1015
-1067
-1080
-1068
-1004
-890
-759
-621
-478
-340
-238
-173
-113
-70
-57
-40
0
20
34
109
188
307
420
583
754
924
1084
1242
1371
1438
1503
1543
1588
1545
1466
1382
1293
1142
976
778
598
371
136
-90
-315
-539
-734
-873
-1015
-1152
-1278
-1303
-1316
-1340
-1338
-1281
-1236
-1187
-1116
-1003
-931
-848
-743
-606
-503
-411
-295
-194
-119
-85
-39
-15
24
9
15
9
52
111
202
310
402
466
517
518
428
314
202
116
-17
-158
-284
-372
-495
-596
-710
-821
-934
-1006
-1052
-1121
-1211
-1262
-1304
-1356
-1384
-1356
-1282
-1189
-1030
-857
-665
-505
-329
-170
-41
-6
47
81
94
116
153
221
282
356
469
605
733
877
1036
1166
1275
1361
1476
1548
1607
1575
1539
1462
1373
1246
1079
921
738
551
345
160
-64
-277
-495
-641
-799
-952
-1079
-1147
-1190
-1221
-1233
-1199
-1178
-1135
-1064
-987
-915
-835
-716
-641
-566
-529
-464
-402
-344
-297
-280
-255
-231
-214
-207
-183
-166
-144
-113
-67
-43
5
48
95
121
134
160
176
183
142
114
53
-37
-140
-235
-348
-500
-633
-748
-874
-1011
-1119
-1188
-1253
-1290
-1260
-1181
-1050
-889
-684
-487
-296
-132
8
123
167
200
191
168
144
169
223
332
448
625
807
1007
1180
1368
1557
1712
1778
1851
1920
1928
1906
1827
1760
1635
1491
1300
1155
944
773
561
385
158
-83
-269
-411
-582
-725
-846
-896
-951
-996
-993
-993
-954
-925
-867
-814
-752
-700
-609
-533
-475
-439
-407
-364
-310
-312
-294
-293
-298
-298
-325
-329
-351
-354
-344
-306
-286
-231
-197
-132
-91
-28
34
102
141
168
176
141
108
34
-36
-140
-253
-385
-490
-620
-746
-844
-913
-948
-974
-962
-905
-831
-717
-573
-429
-268
-107
63
176
255
319
353
345
333
329
333
354
390
498
593
707
808
906
984
1062
1101
1129
1171
1206
1219
1244
1223
1163
1078
1011
905
808
701
642
580
512
441
321
197
24
-131
-314
-482
-643
-747
-817
-859
-847
-810
-765
-709
-649
-563
-483
-417
-341
-280
-249
-229
-177
-167
-158
-146
-134
-129
-106
-81
-36
-7
26
38
56
84
105
162
221
269
305
352
409
456
443
424
400
348
266
193
109
3
-121
-236
-370
-487
-614
-726
-825
-926
-998
-1048
-1080
-1098
-1058
-1007
-918
-797
-629
-467
-324
-152
-12
82
131
198
227
264
289
305
321
364
421
486
567
627
701
755
826
879
937
992
1059
1078
1035
989
931
873
797
707
562
419
268
124
-43
-213
-387
-518
-631
-736
-816
-882
-915
-940
-901
-862
-830
-778
-705
-623
-544
-483
-407
-339
-271
-229
-187
-139
-101
-69
-63
-57
-57
-51
-40
-33
-36
-6
9
51
73
110
161
187
196
229
248
257
245
228
201
158
108
35
-20
-106
-185
-292
-379
-494
-590
-710
-791
-879
-954
-994
-1031
-1028
-1023
-954
-892
-809
-686
-545
-394
-251
-120
-5
67
155
189
211
200
166
136
127
116
154
221
294
407
517
645
769
882
995
1082
1173
1240
1294
1328
1301
1291
1242
1186
1087
996
891
778
622
481
357
214
46
-60
-161
-274
-374
-433
-465
-482
-494
-479
-454
-444
-428
-388
-329
-339
-297
-262
-227
-205
-188
-151
-130
-156
-145
-143
-154
-145
-146
-130
-127
-109
-89
-38
-5
34
88
138
172
214
265
275
294
287
275
266
236
191
130
64
-9
-98
-177
-278
-379
-476
-549
-626
-705
-766
-829
-864
-912
-921
-919
-891
-838
-764
-669
-576
-479
-373
-265
-162
-82
-17
19
28
3
-9
-28
-20
-2
39
93
179
314
433
540
678
810
896
1009
1092
1182
1213
1255
1227
1212
1158
1105
1022
929
817
708
585
440
296
142
9
-128
-227
-318
-404
-491
-513
-535
-536
-533
-516
-493
-443
-394
-315
-268
-213
-182
-149
-101
-74
-30
-1
22
2
14
19
36
45
57
69
95
110
125
156
195
221
253
301
334
377
409
442
450
451
444
424
397
352
292
205
124
52
-27
-129
-231
-323
-413
-499
-575
-634
-694
-722
-751
-740
-732
-704
-657
-622
-555
-485
-405
-338
-272
-209
-143
-109
-87
-80
-82
-109
-138
-165
-186
-183
-158
-104
-41
42
135
235
372
488
611
722
817
917
984
1065
1096
1161
1167
1161
1115
1058
981
894
800
696
565
418
293
177
63
-39
-131
-221
-316
-373
-402
-441
-436
-448
-423
-400
-353
-301
-244
-200
-150
-108
-74
-48
-37
-9
-26
-37
-59
-70
-85
-93
-95
-102
-135
-138
-135
-116
-90
-72
-50
-20
27
71
113
152
195
213
240
248
264
258
231
178
132
76
23
-49
-148
-201
-303
-387
-451
-504
-557
-590
-618
-636
-629
-626
-597
-561
-515
-460
-394
-340
-282
-214
-173
-137
-125
-125
-129
-148
-170
-206
-255
-290
-313
-342
-351
-355
-315
-272
-211
-149
-70
31
127
224
316
414
526
631
716
809
865
931
962
974
985
951
943
889
847
781
713
640
563
446
334
230
106
11
-67
-134
-224
-296
-327
-350
-368
-369
-382
-375
-357
-340
-299
-266
-239
-213
-221
-192
-176
-148
-134
-137
-157
-165
-152
-152
-161
-183
-194
-203
-198
-189
-176
-148
-115
-107
-67
-33
3
42
72
91
112
138
156
177
176
166
164
150
111
75
31
-35
-75
-142
-174
-215
-261
-294
-326
-346
-362
-360
-369
-350
-340
-304
-277
-243
-201
-168
-117
-83
-68
-41
-33
-38
-50
-63
-92
-114
-132
-164
-193
-216
-241
-246
-234
-222
-204
-187
-175
-122
-78
-28
41
82
143
184
250
296
350
400
452
480
541
575
611
641
653
675
664
664
650
637
576
533
482
427
358
294
222
150
62
-14
-82
-167
-223
-270
-323
-381
-419
-431
-439
-445
-418
-414
-389
-377
-351
-308
-268
-225
-178
-137
-107
-47
0
45
85
125
162
196
230
263
286
306
320
351
378
387
404
432
423
424
432
412
388
369
347
314
291
274
242
210
180
148
126
76
41
25
-2
-58
-78
-121
-157
-187
-240
-276
-327
-339
-326
-300
-243
-177
-121
-51
10
52
72
99
125
164
216
250
265
286
281
256
246
213
195
141
118
108
73
44
24
1
-13
-23
-36
-39
-43
-47
-30
-29
-22
-14
-7
-13
-4
24
15
13
6
18
7
15
18
13
17
5
8
3
3
16
11
4
2
1
13
10
16
24
35
54
62
88
120
136
165
179
216
235
236
249
240
233
241
215
205
174
136
95
50
22
-30
-56
-102
-124
-162
-177
-193
-216
-217
-228
-228
-221
-212
-196
-190
-156
-130
-131
-105
-78
-44
-38
-23
-13
-1
9
27
30
30
25
0
3
-10
-21
-26
-43
-39
-44
-38
-29
-40
-32
-21
-22
-11
-8
-8
4
0
-7
-4
-6
-16
-7
-11
-15
-17
-11
-21
-29
-27
-38
-53
-51
-51
-83
-76
-64
-52
-45
-39
-21
-13
19
34
46
63
82
116
136
148
159
174
184
176
174
167
166
155
160
153
123
115
99
92
72
65
64
58
51
33
42
30
34
40
36
38
27
32
47
50
48
39
25
24
12
-2
-10
-25
-28
-34
-49
-58
-76
-85
-85
-91
-83
-90
-86
-88
-78
-59
-64
-37
-27
2
27
43
80
116
134
150
164
180
191
212
231
220
254
243
251
239
213
203
171
156
149
120
93
82
48
18
3
-5
-31
-43
-71
-116
-127
-134
-150
-174
-192
-202
-199
-218
-226
-224
-248
-264
-264
-261
-265
-260
-249
-259
-256
-244
-236
-225
-233
-219
-210
-199
-176
-163
-163
-153
-142
-121
-90
-69
-34
-20
16
65
113
169
214
274
311
352
395
411
450
470
505
517
528
521
487
468
422
395
337
286
243
169
103
48
-15
-69
-122
-190
-240
-269
-264
-276
-290
-265
-256
-230
-191
-155
-125
-95
-61
-14
15
51
94
107
129
140
152
158
156
140
114
97
86
81
72
66
52
22
11
15
22
31
33
34
42
66
76
86
98
97
114
117
110
110
84
76
60
30
7
-26
-43
-71
-85
-99
-113
-125
-136
-160
-174
-177
-174
-170
-165
-158
-148
-136
-114
-85
-63
-61
-49
-19
-27
-11
-7
-15
-7
-24
-39
-50
-66
-67
-74
-88
-93
-101
-102
-111
-123
-123
-114
-108
-102
-92
-95
-82
-74
-61
-42
-27
-14
8
27
50
54
68
72
68
62
77
82
74
74
67
71
60
58
47
54
36
11
13
5
3
-22
-7
-28
-22
-28
-44
-39
-58
-51
-46
-68
-72
-71
-83
-80
-87
-66
-44
-55
-52
-70
-51
-45
-53
-45
-50
-54
-48
-25
-26
-12
-29
-34
-13
8
23
24
22
20
37
17
15
11
-10
-14
-29
-37
-46
-50
-57
-78
-95
-99
-120
-125
-131
-144
-138
-142
-142
-139
-138
-120
-108
-95
-81
-53
-41
-35
-26
-5
7
19
39
48
50
46
47
52
58
41
33
21
10
18
7
9
23
-6
-6
-6
-24
-13
-25
-59
-59
-66
-72
-69
-79
-70
-81
-74
-67
-73
-73
-64
-56
-47
-34
-23
-5
-8
1
21
31
47
54
69
92
102
114
116
117
140
156
178
204
212
226
241
253
254
246
240
250
258
237
213
196
196
185
171
163
151
139
122
112
111
110
96
67
70
77
74
82
77
84
81
82
83
73
79
83
75
75
83
79
77
77
78
59
50
40
28
14
14
8
1
-19
-33
-24
-31
-30
-36
-36
-39
-61
-64
-67
-79
-78
-78
-68
-81
-84
-79
-82
-77
-90
-75
-72
-83
-96
-107
-102
-111
-120
-107
-118
-114
-107
-106
-105
-98
-95
-86
-64
-60
-63
-50
-45
-54
-47
-45
-50
-61
-73
-79
-83
-88
-92
-101
-104
-114
-105
-116
-121
-137
-128
-115
-116
-125
-113
-110
-99
-87
-92
-91
-91
-88
-84
-70
-65
-62
-71
-67
-66
-76
-76
-85
-90
-87
-84
-90
-83
-69
-65
-60
-54
-53
-63
-62
-57
-58
-60
-71
-77
-74
-78
-54
-50
-42
-32
-31
-12
2
15
36
40
50
68
62
71
73
71
68
62
41
32
29
25
24
27
25
6
16
12
12
6
21
34
31
34
15
16
26
22
31
42
41
54
56
56
56
52
41
30
29
33
31
36
34
28
29
23
18
17
24
20
25
26
13
12
20
18
10
-6
-13
-16
-16
-16
-20
-24
-37
-31
-37
-41
-51
-54
-60
-71
-74
-68
-68
-74
-74
-71
-72
-74
-79
-98
-101
-90
-94
-103
-109
-113
-105
-96
-97
-107
-89
-85
-84
-78
-82
-89
-87
-59
-54
-54
-40
-35
-24
-11
-3
-7
-1
1
-5
9
-1
17
23
24
34
34
36
39
42
52
43
48
52
49
48
43
45
39
31
22
19
19
8
-3
-2
-6
0
-1
-3
7
6
19
26
30
28
35
62
70
71
66
76
69
72
99
81
83
86
71
68
69
56
51
49
26
16
10
3
-1
-18
-29
-22
-28
-40
-45
-41
-48
-45
-34
-28
-16
-3
2
9
14
36
46
57
59
60
81
91
95
89
90
89
91
95
99
94
82
69
63
52
53
39
31
30
20
12
-2
-4
-5
-2
-1
-12
-6
-11
-16
-19
-32
-45
-50
-62
-72
-69
-70
-62
-66
-74
-86
-106
-114
-98
-111
-110
-94
-111
-102
-97
-108
-109
-107
-105
-100
-83
-81
-85
-79
-81
-83
-74
-73
-70
-72
-65
-63
-52
-52
-51
-57
-54
-55
-41
-37
-43
-38
-42
-34
-31
-28
-12
-5
19
34
40
43
48
52
48
72
90
101
98
107
111
102
107
111
111
107
118
104
104
101
86
90
83
75
76
68
73
65
62
58
48
44
39
32
30
32
18
-3
-8
2
-17
6
7
7
12
5
3
-18
-17
-22
-26
-18
-9
-10
-12
-2
10
29
23
32
34
44
56
66
60
69
76
76
68
68
54
40
33
16
4
-13
-11
-23
-13
-11
-18
-14
-17
-20
-12
3
-5
2
5
17
26
34
52
55
69
66
57
38
51
45
60
62
49
64
64
55
52
41
37
35
26
29
17
23
15
22
34
42
35
37
43
40
42
19
23
20
15
20
19
27
34
40
43
34
41
24
34
34
36
48
38
42
46
45
42
45
38
17
8
1
-12
-14
-39
-41
-30
-45
-43
-54
-54
-59
-63
-51
-53
-39
-33
-26
-21
-21
-26
-43
-39
-27
-38
-43
-25
-16
-20
-16
-25
-28
-32
-34
-35
-45
-48
-51
-51
-65
-60
-52
-62
-60
-54
-59
-58
-66
-77
-91
-99
-104
-94
-98
-110
-91
-98
-104
-86
-76
-86
-60
-50
-51
-35
-29
-44
-44
-38
-34
-29
-29
-30
-40
-45
-49
-53
-51
-52
-41
-26
-15
-16
-16
-31
-38
-28
-44
-54
-56
-53
-48
-55
-60
-74
-82
-78
-85
-97
-113
-97
-96
-110
-100
-100
-95
-98
-95
-76
-66
-63
-42
-41
-22
-25
-26
-18
-26
-23
-8
-4
-7
-4
-12
-4
-12
-16
-17
-22
-29
-35
-18
-20
0
3
-5
2
18
31
28
32
26
30
36
36
30
22
31
27
18
26
23
7
6
7
17
19
10
16
14
20
28
36
22
25
35
34
28
39
46
57
60
50
52
46
35
34
41
51
48
50
44
31
26
42
40
41
52
51
50
58
54
51
69
73
67
54
54
53
45
48
47
53
47
25
16
14
11
2
1
-9
-1
9
5
-12
-7
9
6
-4
9
12
1
-8
-18
-17
-13
-31
-29
-28
-26
-18
-25
-26
-20
-25
-37
-33
-42
-52
-55
-51
-41
-41
-45
-57
-43
-37
-46
-42
-42
-48
-57
-46
-47
-40
-44
-45
-30
-21
-17
-12
-12
-6
-3
-5
0
-3
-4
-2
0
-9
-5
-4
-3
-6
-9
-18
-29
-17
-9
-20
-17
-10
-16
-2
-8
-19
-19
-22
-23
-14
-18
-19
-30
-55
-47
-40
-43
-26
-37
-33
-22
-26
-31
-24
-19
-11
-22
-27
-33
-39
-30
-16
-3
-5
-1
-12
-20
-12
-19
-13
-10
-5
8
-1
1
2
3
10
16
19
8
17
30
28
34
34
41
40
54
60
58
41
30
29
22
22
12
8
-5
-19
-19
-28
-21
-32
-23
-33
-31
-24
-31
-30
-29
-25
-12
-16
-23
-19
-19
-8
-10
-1
2
-6
-6
-3
6
5
-3
-6
-14
-18
-27
-22
-11
-22
-20
-12
-17
-17
-16
-19
-26
-28
-33
-26
-34
-39
-31
-40
-34
-31
-36
-31
-38
-30
-29
-25
-20
-19
-13
-23
-21
-5
-11
-12
-19
-33
-24
-38
-42
-32
-16
-18
-15
-18
-19
-32
-45
-29
-19
-18
-22
-25
-23
-30
-41
-38
-43
-43
-35
-33
-27
-29
-19
-10
-22
-23
-16
-15
-24
-19
-16
-11
-7
-14
-3
-11
-20
-1
-1
-2
-15
-8
-8
-17
-10
-12
-14
-11
-18
-32
-22
-19
-27
-19
-36
-28
-21
-14
-6
-8
-9
-7
1
-26
-32
-37
-51
-55
-37
-34
-32
-40
-49
-48
-54
-58
-72
-75
-79
-84
-79
-75
-58
-67
-64
-48
-57
-42
-16
-5
-16
-12
-15
-6
-5
-8
-10
-3
2
-2
-2
-21
-12
-7
-5
6
8
3
14
3
7
7
4
7
9
15
23
15
18
33
22
20
16
22
19
16
16
19
22
18
19
24
25
30
33
30
31
25
18
25
25
40
40
37
36
35
45
38
38
36
23
33
25
26
34
27
24
23
18
11
15
23
26
27
28
31
39
35
31
32
19
30
43
34
27
15
13
9
8
0
14
11
5
4
-6
3
6
1
-9
-2
7
6
