SAMPLES:	6882
BITSPERSAMPLE:	16
CHANNELS:	1
SAMPLERATE:	16000
NORMALIZED:	FALSE
3
7
4
5
11
14
3
-11
-14
-15
-23
-26
-15
-25
-25
-29
-26
-14
-19
-23
-28
-29
-38
-38
-33
-31
-22
-41
-45
-28
-29
-35
-34
-48
-49
-36
-46
-35
-32
-32
-36
-33
-25
-24
-19
-1
-5
-1
4
8
8
1
-2
-14
-9
6
9
5
2
-8
-3
-33
-30
-27
-46
-45
-38
-30
-35
-32
-30
-19
-6
2
-5
8
9
-4
-1
-2
-1
-12
2
3
13
2
3
-1
2
-5
-4
15
9
2
5
22
14
13
19
21
15
22
26
20
8
0
13
12
28
33
37
46
41
36
34
46
29
38
33
33
39
38
56
48
38
33
37
49
49
41
48
50
45
49
51
33
41
45
26
21
16
23
11
14
17
25
17
24
23
22
19
19
29
15
10
11
20
27
33
40
33
34
34
28
46
56
44
45
47
26
29
23
20
23
11
10
12
16
27
13
1
4
4
5
-1
5
14
17
19
7
2
18
11
21
26
34
32
30
24
21
28
14
10
12
10
-3
-1
-12
0
4
1
11
7
19
14
13
6
-13
11
-2
-11
-4
8
14
24
21
23
24
15
25
11
10
14
19
13
13
21
16
33
40
46
43
43
47
44
38
32
44
28
32
35
39
20
15
38
49
43
45
42
30
43
30
32
29
31
22
21
10
13
20
16
38
28
38
34
34
30
28
30
22
22
19
22
14
25
12
12
7
23
27
15
12
17
25
26
21
27
23
19
30
23
38
44
49
43
45
38
34
34
33
25
7
12
10
4
14
3
9
25
21
13
15
28
30
13
2
1
-4
10
18
4
21
10
-2
10
-1
-7
-4
10
11
8
9
5
2
5
-1
4
12
7
18
23
30
28
19
25
16
13
17
31
28
23
24
23
39
36
52
48
68
77
80
70
44
36
16
0
-12
-11
-2
14
33
23
7
-10
-15
-10
-22
-28
-19
7
20
35
33
47
46
40
35
-3
-9
-25
-26
-26
-20
-5
-14
-9
-3
4
-6
-8
3
2
-4
-2
5
22
55
40
51
55
40
39
20
10
0
5
0
-8
-5
2
-7
-5
-2
6
19
18
31
21
28
36
38
33
31
45
36
26
20
21
16
10
23
15
24
15
-47
-84
-90
-78
-35
-4
28
79
106
171
161
172
147
94
101
61
98
132
134
190
140
68
-35
-153
-129
-196
-240
-203
-165
-7
61
112
222
203
239
189
105
86
-12
-44
-53
-68
-7
-10
1
30
-21
-12
-37
-66
-80
-115
-74
-42
13
73
98
117
96
62
46
10
-35
-82
-89
-50
-34
-6
7
15
29
2
-9
-30
-51
-68
-61
-44
-10
17
42
59
57
56
46
7
-25
-37
-50
-51
-62
-41
-30
-20
-15
3
5
4
9
4
10
18
18
39
31
40
44
18
2
-34
-54
-47
-62
-66
-56
-37
-6
0
19
31
42
38
16
22
16
0
9
7
-6
3
2
-4
-14
-20
-17
-23
-13
-6
0
-5
7
20
8
22
16
14
16
-4
5
2
-7
-10
-4
-13
-10
11
-10
-2
1
-4
-12
-23
-10
-9
-7
6
3
14
3
1
3
8
9
-18
-18
-21
-29
-16
-10
-7
-13
-14
-20
-28
-24
-19
-26
-27
-27
-25
-24
-25
-21
-15
-27
-38
-48
-60
-65
-59
-46
-46
-22
-9
-15
-20
-10
-15
-23
-28
-17
-23
-29
-19
-21
-33
-26
-14
-24
-33
-41
-42
-36
-32
-22
-12
-17
-18
-16
-12
-12
-10
-12
-22
-24
-29
-23
-36
-39
-34
-27
-32
-45
-27
-30
-39
-46
-33
-32
-24
-6
-21
5
9
5
23
7
-37
-100
-125
-97
-34
68
153
198
248
285
294
265
164
90
36
50
68
125
232
242
124
-42
-144
-196
-242
-349
-379
-275
-88
117
218
310
384
362
325
211
86
-31
-176
-215
-193
-127
-33
-19
2
28
53
71
12
-77
-115
-112
-56
10
67
123
142
149
140
115
57
-40
-132
-152
-119
-78
-50
-27
27
72
101
97
62
10
-24
-52
-42
-2
17
42
65
92
105
98
63
0
-57
-66
-89
-104
-106
-93
-54
-27
11
44
42
40
30
10
13
15
13
-6
1
25
33
29
-3
-26
-39
-60
-48
-60
-59
-38
-33
-10
14
45
53
41
28
16
9
-7
-31
-50
-47
-28
-27
-29
-30
-34
-27
-24
-27
-30
-36
-38
-22
-43
-29
-15
-19
-4
-31
-32
-38
-55
-61
-67
-65
-77
-118
-110
-189
-225
-177
-218
-135
-122
-89
26
28
116
89
77
90
-60
-57
-162
-209
-196
-230
-183
-209
-141
-84
-64
-24
-28
28
35
12
0
-34
-1
-35
-35
-13
-17
15
-12
-6
4
-11
-10
-6
-9
14
2
34
51
59
112
128
175
217
234
214
136
137
147
84
41
-61
-64
-70
-121
-119
-141
-124
-83
-68
-7
42
85
137
143
164
170
122
85
25
-22
-41
-68
-72
-120
-132
-102
-91
-56
-36
-29
-13
-5
18
29
38
26
14
46
59
60
36
11
14
1
-14
-32
-44
-42
-48
-23
-10
0
27
17
16
27
25
36
-24
-70
-77
-120
-109
-134
-128
-112
-128
-99
-93
-68
-46
-78
-47
-84
-114
-112
-146
-121
-121
-103
-73
-98
-78
-88
-92
-51
-104
-66
-42
-35
12
-7
20
47
53
82
65
66
94
99
121
148
220
301
362
453
478
408
332
176
52
-134
-417
-529
-598
-508
-371
-297
-45
111
289
412
364
405
269
144
41
-108
-124
-204
-212
-148
-128
-38
-13
-55
-46
-91
-71
-57
-84
-58
-33
54
111
130
155
129
76
14
-37
-60
-98
-98
-102
-60
27
74
97
99
97
73
34
11
-26
-39
-46
-36
13
50
82
76
80
83
70
16
-36
-79
-111
-101
-96
-81
-63
-51
-28
-9
10
-2
-29
-45
-42
-51
-121
-100
-168
-164
-165
-252
-214
-223
-189
-185
-213
-163
-185
-132
-141
-166
-120
-142
-124
-117
-93
-68
-78
-60
-79
-76
-57
-65
-53
-53
-39
-32
8
56
87
102
156
187
258
337
404
479
513
528
455
367
276
111
-106
-474
-674
-708
-657
-518
-496
-241
75
322
538
526
559
460
280
185
-19
-126
-245
-345
-298
-254
-156
-103
-141
-130
-116
-91
-65
-117
-98
-52
18
115
138
161
132
101
70
-3
-55
-141
-193
-178
-141
-66
-7
12
63
86
89
73
5
-22
-53
-63
-36
0
40
85
104
134
134
103
60
-28
-64
-107
-137
-137
-146
-126
-88
-84
-63
-47
-104
-131
-198
-260
-241
-278
-284
-274
-230
-128
-141
-80
-51
-69
-26
-87
-100
-131
-165
-143
-152
-103
-50
-18
18
50
87
122
134
123
140
208
291
389
497
604
768
853
871
763
554
353
61
-313
-711
-966
-1009
-878
-672
-411
-42
340
638
805
822
756
550
301
78
-123
-244
-355
-363
-282
-178
-69
-48
-39
-57
-95
-93
-127
-133
-102
-65
60
154
205
247
188
136
43
-48
-114
-206
-217
-187
-140
-25
42
75
109
87
76
27
-55
-75
-103
-88
-40
6
95
148
186
209
180
135
52
-45
-112
-169
-191
-186
-185
-129
-130
-139
-138
-166
-257
-374
-487
-519
-455
-409
-336
-231
-82
58
88
117
72
-32
-139
-257
-299
-332
-337
-293
-189
-17
128
221
299
355
414
465
455
457
505
619
796
928
923
782
531
354
-54
-644
-1051
-1393
-1258
-1075
-847
-321
100
674
996
1086
1174
859
598
235
-158
-331
-587
-614
-541
-418
-141
-24
63
77
-5
-4
-56
-155
-197
-188
-75
55
150
249
243
221
161
41
-58
-162
-245
-275
-226
-120
14
85
154
180
172
135
18
-70
-139
-156
-140
-76
11
101
159
200
228
200
140
19
-91
-150
-198
-224
-229
-200
-144
-77
2
24
-65
-173
-300
-429
-507
-580
-582
-483
-373
-229
-70
65
112
93
36
-90
-194
-315
-412
-453
-397
-286
-162
-31
112
200
284
284
284
302
260
336
356
474
721
895
1065
1110
967
702
458
-49
-770
-1210
-1653
-1479
-1212
-1047
-415
74
763
1150
1189
1328
966
699
318
-137
-332
-632
-628
-560
-432
-87
-16
37
83
-41
6
-57
-217
-212
-230
-49
104
167
323
284
265
208
21
-108
-240
-345
-368
-323
-155
-8
100
193
186
213
182
56
-17
-121
-168
-168
-132
-32
48
125
208
236
227
187
70
-39
-162
-231
-270
-281
-284
-329
-273
-288
-311
-421
-590
-598
-597
-493
-386
-282
-76
54
188
204
115
-3
-216
-379
-512
-580
-566
-524
-383
-184
17
193
326
350
400
408
388
339
262
338
383
598
856
965
1239
1200
917
652
-90
-675
-1165
-1640
-1635
-1574
-1208
-530
93
785
1162
1335
1393
1128
813
323
-178
-504
-793
-783
-681
-537
-210
-75
56
133
41
10
-167
-310
-309
-293
-117
21
135
312
339
343
253
61
-123
-325
-439
-488
-412
-247
-88
67
200
266
271
194
47
-65
-180
-230
-232
-205
-77
50
166
276
311
267
180
45
-89
-228
-349
-455
-524
-504
-470
-462
-480
-513
-497
-426
-367
-321
-240
-121
10
80
94
57
-44
-169
-308
-432
-550
-615
-616
-534
-343
-161
10
174
225
354
340
267
337
282
373
367
330
541
605
796
960
1092
1131
798
375
-78
-156
-489
-1012
-1160
-1291
-763
-370
-178
286
477
837
952
885
814
413
186
-58
-236
-234
-355
-360
-354
-307
-56
-49
-106
-170
-308
-140
-93
-101
18
27
226
300
275
313
146
27
-116
-268
-280
-326
-328
-258
-139
65
178
191
216
159
138
72
-37
-82
-153
-132
-87
-34
92
121
133
148
100
86
-46
-234
-343
-463
-470
-510
-593
-548
-579
-457
-385
-373
-251
-247
-147
-78
-46
-10
-66
-76
-164
-239
-316
-413
-474
-499
-455
-382
-244
-191
-76
70
131
250
205
216
221
255
381
562
745
843
1075
1301
1626
1959
1744
1272
371
-740
-1303
-1967
-2306
-2447
-2373
-1366
-286
708
1497
1759
2042
1936
1598
1072
217
-465
-1024
-1201
-1029
-880
-576
-340
-131
205
281
247
45
-292
-307
-267
-157
43
120
346
504
555
541
288
5
-292
-548
-604
-592
-471
-283
-94
203
404
466
445
268
96
-45
-194
-279
-356
-313
-189
0
191
309
340
313
190
-53
-261
-494
-689
-791
-852
-799
-621
-444
-272
-150
-38
11
32
32
-64
-117
-150
-196
-243
-297
-342
-403
-455
-465
-482
-454
-391
-328
-172
-8
121
174
191
174
166
162
209
271
312
405
555
797
1085
1316
1608
1775
1729
1353
682
-231
-1190
-1858
-2377
-2433
-2206
-1716
-740
260
1161
1773
2008
2039
1695
1216
573
-168
-780
-1187
-1255
-1096
-794
-487
-176
80
243
270
206
54
-134
-185
-155
-5
148
276
408
448
420
297
57
-198
-449
-599
-629
-521
-308
-100
129
323
480
517
419
224
19
-162
-294
-378
-382
-283
-151
31
150
208
123
-46
-279
-468
-607
-761
-798
-741
-572
-348
-186
-56
20
37
24
-48
-155
-277
-350
-401
-383
-357
-331
-280
-292
-276
-309
-319
-307
-316
-254
-157
-19
109
278
362
457
549
527
672
741
848
1056
1170
1498
1734
1818
1618
878
86
-960
-1675
-2253
-2672
-2550
-2166
-1128
19
980
1804
2157
2346
2190
1682
1008
149
-689
-1235
-1450
-1393
-1118
-816
-391
-52
250
438
336
201
-42
-141
-105
-88
64
167
343
476
492
447
185
-95
-368
-599
-674
-654
-541
-300
-5
311
549
614
567
410
224
15
-226
-409
-496
-476
-368
-149
-18
29
58
-48
-67
-214
-460
-543
-609
-546
-476
-435
-277
-196
-69
-22
-56
-126
-237
-275
-358
-400
-392
-384
-344
-317
-256
-175
-167
-169
-209
-237
-193
-211
-193
-136
-56
129
280
424
479
588
740
828
976
1061
1222
1371
1595
1742
1758
1421
628
-277
-1352
-1994
-2421
-2650
-2378
-1982
-866
399
1354
2111
2291
2348
2090
1547
801
-150
-969
-1465
-1618
-1416
-1082
-708
-281
43
396
573
475
299
-6
-101
-71
-46
89
169
312
434
416
370
110
-205
-443
-693
-707
-647
-464
-167
78
438
647
723
683
429
205
-71
-307
-477
-575
-553
-391
-274
-110
43
37
110
-12
-178
-311
-487
-544
-618
-596
-473
-390
-235
-147
-92
-75
-109
-164
-241
-276
-347
-342
-333
-346
-302
-241
-214
-198
-203
-230
-229
-254
-255
-185
-129
23
129
276
433
500
617
643
718
858
963
1104
1230
1387
1695
1906
1890
1235
404
-754
-1684
-2171
-2798
-2828
-2580
-1805
-395
758
1792
2349
2506
2531
2123
1473
566
-482
-1288
-1646
-1673
-1402
-1051
-628
-171
274
603
632
512
217
-19
-55
-53
26
108
232
424
521
531
355
50
-276
-550
-704
-712
-610
-388
-96
245
596
765
804
669
447
215
-78
-360
-560
-710
-716
-587
-456
-229
-74
14
88
69
21
-59
-206
-355
-449
-506
-495
-438
-421
-342
-317
-266
-208
-210
-172
-197
-200
-188
-165
-130
-109
-134
-187
-218
-298
-330
-355
-346
-259
-158
-25
151
354
487
646
728
759
880
942
1059
1159
1260
1487
1859
2155
2209
1559
536
-704
-1711
-2250
-2992
-3275
-3103
-2192
-525
780
1890
2519
2795
2958
2548
1846
779
-450
-1341
-1852
-1949
-1664
-1324
-865
-288
227
734
810
619
319
23
25
-43
-36
64
160
425
557
609
502
152
-212
-528
-719
-749
-714
-529
-196
214
634
885
959
852
629
377
30
-347
-678
-935
-967
-861
-636
-338
-162
57
210
239
258
83
-109
-298
-451
-536
-612
-661
-643
-567
-479
-368
-305
-260
-208
-162
-89
-39
0
9
11
-7
-44
-116
-223
-331
-387
-372
-358
-218
-65
165
410
622
765
867
1007
1108
1240
1365
1473
1711
1932
2117
2204
1643
755
-693
-1915
-2484
-3140
-3295
-3242
-2570
-817
633
1959
2709
2922
3119
2734
2067
1020
-317
-1310
-1942
-2108
-1808
-1429
-934
-358
156
678
872
794
454
89
38
3
65
98
163
413
568
641
514
160
-184
-592
-846
-915
-888
-658
-375
55
556
907
1094
1011
734
397
-3
-460
-890
-1226
-1289
-1118
-787
-396
-117
167
336
403
361
136
-108
-360
-584
-707
-759
-737
-702
-619
-477
-356
-270
-203
-172
-130
-38
23
82
84
59
39
-35
-109
-247
-361
-408
-433
-356
-204
-19
247
496
733
959
1031
1123
1202
1161
1234
1249
1344
1635
1747
1890
1507
715
-456
-1601
-2144
-2698
-2992
-2965
-2398
-937
439
1659
2407
2748
2923
2684
2102
1133
-81
-1115
-1734
-2011
-1820
-1485
-1064
-481
52
628
903
847
573
225
138
76
31
33
81
297
472
555
502
241
-71
-399
-680
-780
-800
-684
-429
-58
436
790
967
934
700
425
34
-450
-827
-1195
-1297
-1115
-885
-484
-142
100
349
418
409
267
-44
-293
-583
-756
-785
-837
-752
-649
-508
-316
-179
-85
-36
-28
4
50
51
60
-9
-32
-45
-85
-154
-259
-302
-274
-118
22
190
363
581
833
1006
1215
1316
1279
1437
1483
1706
1893
1894
1930
1229
6
-1192
-2114
-2466
-2841
-3274
-2939
-1743
-156
1198
2066
2564
2924
2919
2592
1760
564
-577
-1504
-1962
-2023
-1822
-1413
-934
-369
294
849
1013
809
468
315
292
210
99
40
197
441
567
521
317
45
-272
-577
-786
-855
-822
-659
-318
143
636
966
1020
904
673
303
-118
-632
-1095
-1323
-1324
-1157
-830
-472
-121
244
476
576
499
284
3
-331
-602
-785
-920
-934
-870
-709
-491
-280
-141
-11
108
149
208
184
151
115
38
-4
-47
-115
-165
-193
-167
-29
32
224
400
537
820
947
1201
1340
1388
1512
1631
1769
1769
1732
1803
1016
-466
-1632
-2512
-2456
-2528
-3298
-2723
-1426
268
1778
2144
2639
2829
2759
2553
1418
218
-781
-1703
-1939
-1939
-1751
-1184
-863
-382
325
813
1038
643
256
277
330
350
167
80
294
529
633
503
244
-52
-403
-702
-894
-942
-841
-666
-304
229
750
1076
1119
1027
768
418
-38
-618
-1113
-1385
-1461
-1315
-1051
-760
-320
55
290
475
474
377
162
-158
-399
-646
-801
-913
-953
-840
-654
-490
-296
-151
-26
149
238
269
248
205
124
52
-49
-161
-223
-240
-196
-137
19
167
365
614
789
1024
1267
1420
1544
1584
1737
1707
1695
1571
1661
1132
-703
-1799
-2691
-2569
-2201
-3302
-2770
-1402
203
1992
2218
2621
2863
2668
2583
1538
130
-781
-1852
-2126
-1966
-1964
-1270
-961
-541
333
797
1173
788
314
395
420
470
245
29
203
435
549
454
180
-94
-423
-739
-913
-983
-895
-755
-440
95
658
1058
1160
1093
902
547
41
-582
-1200
-1498
-1582
-1526
-1213
-923
-423
61
310
592
535
440
225
-182
-429
-746
-963
-1038
-1067
-927
-706
-549
-344
-186
-30
144
187
194
159
123
67
-6
-71
-187
-258
-285
-249
-158
-71
54
261
546
851
983
1232
1385
1517
1785
1828
1746
1690
1410
1449
1300
-505
-1847
-2773
-2984
-2070
-2934
-2966
-1564
-190
1955
2392
2522
2946
2643
2612
1818
308
-598
-1661
-2231
-1994
-2023
-1468
-982
-777
96
674
1133
1049
455
479
589
640
515
202
249
468
541
451
152
-179
-484
-794
-943
-985
-875
-671
-365
155
751
1195
1262
1161
933
619
237
-424
-997
-1376
-1498
-1320
-1140
-891
-483
-68
318
604
613
558
391
101
-136
-453
-684
-884
-977
-892
-727
-539
-385
-218
-28
221
330
381
391
303
268
197
61
-62
-160
-244
-195
-111
-5
172
407
699
1023
1290
1444
1672
1821
2068
2094
1996
1837
1727
1004
-876
-2094
-2987
-2947
-2682
-3670
-2863
-1318
453
2175
2464
2970
3212
3048
2756
1593
130
-901
-1951
-2287
-2187
-2211
-1557
-1167
-661
228
721
1095
788
466
581
680
671
417
257
386
603
580
384
31
-333
-674
-1012
-1199
-1249
-1103
-846
-386
226
742
1120
1172
1070
876
510
63
-532
-1088
-1385
-1489
-1369
-1239
-1015
-589
-233
126
331
363
391
228
4
-235
-493
-715
-924
-1011
-978
-882
-761
-609
-439
-202
17
191
280
290
292
208
148
-28
-222
-339
-419
-364
-281
-128
68
448
757
1046
1447
1584
1908
2091
2025
2041
1887
1898
720
-1131
-2410
-3277
-2863
-3226
-4073
-3238
-1611
534
1910
2308
2836
3124
3172
2812
1536
222
-919
-1964
-2227
-2411
-2333
-1853
-1579
-893
-65
584
844
523
396
610
792
738
456
316
514
658
566
265
-182
-542
-903
-1197
-1361
-1399
-1213
-908
-384
295
818
1158
1232
1133
980
603
69
-567
-1181
-1483
-1656
-1592
-1409
-1182
-664
-217
184
525
591
577
446
128
-158
-486
-813
-1040
-1211
-1156
-1020
-878
-638
-396
-126
174
351
431
467
414
312
152
-30
-232
-402
-529
-500
-363
-158
59
366
766
1106
1420
1623
1840
2088
2135
2029
1964
1966
769
-1082
-2387
-3123
-2672
-3056
-3941
-3038
-1377
772
2050
2327
2862
3131
3198
2791
1494
185
-875
-1801
-1999
-2109
-2096
-1640
-1352
-737
40
571
761
417
288
574
804
794
570
492
770
958
802
433
-51
-439
-838
-1203
-1400
-1426
-1234
-861
-302
367
987
1270
1352
1288
1091
785
149
-509
-1089
-1480
-1517
-1509
-1340
-1014
-551
4
416
699
776
715
554
248
-84
-437
-831
-1078
-1197
-1160
-977
-787
-560
-301
16
319
476
569
561
502
419
233
36
-202
-419
-491
-497
-411
-142
133
475
881
1222
1582
1878
1976
2077
2031
1843
1831
1736
723
-1001
-2414
-2958
-2638
-2820
-3593
-3069
-1375
649
1989
2361
2754
3069
3143
2763
1584
241
-881
-1791
-2119
-2212
-2166
-1760
-1391
-811
3
608
846
580
399
585
764
712
447
310
525
711
641
367
-33
-383
-734
-1056
-1251
-1292
-1167
-866
-373
246
816
1107
1183
1136
981
670
111
-540
-1128
-1512
-1575
-1501
-1331
-977
-538
-20
433
678
767
702
464
189
-168
-512
-858
-1144
-1224
-1193
-1004
-823
-611
-340
-49
233
376
455
444
385
306
120
-57
-230
-451
-523
-551
-448
-235
-53
317
628
978
1365
1484
1741
1893
1882
1870
1607
1707
1612
178
-1596
-2747
-2960
-2434
-3090
-3856
-2737
-858
1166
2101
2224
2744
3033
3057
2451
1073
-178
-1241
-2040
-2243
-2320
-2194
-1763
-1425
-697
211
744
799
439
375
696
804
577
238
173
478
625
427
89
-278
-557
-839
-1154
-1294
-1259
-1084
-731
-232
409
911
1118
1161
1069
871
506
-140
-762
-1303
-1584
-1609
-1554
-1317
-933
-400
62
442
658
657
616
365
65
-300
-665
-971
-1175
-1199
-1171
-1000
-796
-565
-306
-27
180
262
345
327
268
192
12
-210
-377
-510
-592
-559
-486
-293
-18
285
580
910
1174
1372
1557
1645
1725
1646
1509
1470
1606
1058
-673
-2051
-2747
-2589
-2479
-3499
-3403
-1855
28
1608
2069
2382
2862
2977
2800
1854
432
-693
-1700
-2236
-2299
-2348
-2021
-1565
-1064
-149
600
908
734
455
588
774
666
349
125
274
524
492
265
-61
-345
-621
-928
-1151
-1212
-1107
-870
-433
113
662
1063
1176
1154
1018
661
203
-433
-1070
-1416
-1605
-1513
-1286
-1014
-516
-64
400
696
715
710
499
193
-128
-489
-819
-1034
-1102
-1090
-925
-730
-530
-275
-74
130
263
323
355
293
234
128
-62
-198
-325
-436
-446
-447
-311
-119
118
396
605
917
1180
1241
1459
1578
1521
1646
1440
1357
1613
1426
283
-1325
-2299
-2494
-2243
-2799
-3466
-2491
-729
1051
1964
2215
2658
2898
2965
2342
1033
-212
-1308
-2055
-2222
-2238
-2093
-1665
-1183
-409
490
992
959
613
581
800
802
486
110
106
392
539
364
75
-214
-448
-706
-912
-1041
-1061
-848
-526
34
621
1022
1184
1154
1106
875
460
-160
-826
-1241
-1476
-1449
-1311
-1074
-581
-114
407
765
833
857
683
387
72
-299
-658
-939
-1035
-1015
-880
-678
-498
-264
1
235
379
466
483
418
368
297
129
-65
-223
-362
-366
-323
-320
-146
63
327
694
958
1188
1362
1454
1637
1784
1728
1627
1565
1538
1791
1475
-258
-1516
-2254
-2339
-1943
-3086
-3245
-1752
-109
1696
2170
2376
2949
3038
2988
2107
576
-517
-1520
-2099
-2054
-2152
-1869
-1300
-744
239
1011
1237
1066
756
822
932
657
250
2
121
455
493
290
96
-106
-248
-458
-688
-808
-776
-526
-144
330
789
1067
1159
1171
1055
740
275
-319
-845
-1132
-1249
-1191
-1008
-717
-229
229
645
861
844
760
543
237
-89
-448
-766
-914
-940
-831
-645
-435
-190
22
240
409
513
522
464
417
313
222
43
-123
-259
-326
-267
-247
-147
41
285
615
877
1078
1238
1344
1436
1497
1564
1524
1530
1466
1453
1638
1670
768
-796
-1747
-2069
-1803
-2051
-2939
-2225
-599
1099
2224
2306
2655
2910
2913
2430
1118
-207
-1163
-1802
-1903
-1829
-1666
-1167
-560
191
1019
1401
1291
917
724
782
655
269
-59
-71
246
542
500
335
195
79
-35
-265
-476
-558
-481
-203
198
620
919
1036
1055
1021
827
444
-119
-604
-904
-1021
-967
-834
-577
-214
250
612
788
794
650
442
158
-171
-512
-796
-921
-904
-733
-503
-311
-137
62
254
379
383
302
202
106
-3
-113
-238
-367
-440
-423
-356
-248
-154
-30
247
493
701
800
814
943
934
934
910
959
1062
1067
1190
1263
1462
1705
1072
-392
-1347
-1897
-1838
-1966
-2969
-2559
-1111
376
1646
1816
2138
2459
2465
2194
1043
-202
-1071
-1702
-1835
-1707
-1566
-1112
-533
36
749
1126
998
611
280
241
175
-120
-388
-382
-20
397
457
365
240
129
-2
-282
-558
-770
-747
-558
-246
146
435
611
709
724
589
301
-137
-574
-880
-987
-974
-877
-677
-395
19
288
408
387
246
120
-155
-393
-646
-845
-862
-830
-646
-480
-321
-159
-43
83
102
47
-50
-123
-171
-222
-279
-336
-330
-322
-286
-220
-200
-165
-71
50
224
297
378
462
555
684
725
749
849
931
1063
1133
1125
1273
1308
1314
326
-1006
-1566
-1977
-1833
-2310
-2922
-1943
-682
650
1322
1433
1820
2008
2003
1411
309
-611
-1229
-1595
-1617
-1528
-1363
-923
-446
107
599
706
430
95
31
-8
-174
-436
-546
-316
25
231
194
91
56
-43
-217
-443
-672
-682
-586
-394
-73
150
335
416
396
311
121
-219
-554
-779
-925
-857
-752
-625
-379
-81
149
248
199
39
-83
-318
-531
-697
-862
-827
-772
-593
-424
-340
-194
-162
-120
-124
-198
-260
-321
-349
-327
-293
-308
-281
-262
-249
-224
-239
-237
-196
-157
-45
58
147
311
392
520
633
560
610
641
684
876
966
1040
1200
1379
1580
1346
171
-760
-1327
-1614
-1758
-2535
-2519
-1477
-350
811
1261
1552
1976
2109
1959
1227
194
-545
-1036
-1317
-1336
-1237
-955
-500
-21
486
834
754
455
240
209
116
-148
-371
-348
-29
293
396
348
299
347
261
92
-122
-301
-272
-159
29
237
394
466
484
506
416
152
-160
-429
-596
-524
-452
-408
-170
74
324
495
448
330
165
-32
-236
-444
-594
-668
-657
-504
-336
-172
-29
34
71
71
39
-45
-137
-202
-217
-185
-162
-131
-125
-97
-61
-83
-67
-74
-90
-1
61
130
210
299
394
462
527
560
550
591
670
662
890
996
1073
1282
1313
1547
1600
897
-124
-859
-1254
-1379
-1768
-2248
-1828
-822
270
996
1230
1563
1828
1900
1549
694
-108
-658
-1011
-1116
-1075
-960
-669
-249
238
658
808
586
349
241
160
5
-290
-422
-271
31
255
284
278
321
360
314
168
-21
-142
-103
-35
52
133
133
154
192
181
130
-6
-153
-204
-229
-171
-107
-93
54
178
276
322
158
19
-119
-300
-464
-617
-704
-673
-550
-415
-239
-95
0
105
107
81
11
-122
-191
-258
-300
-319
-340
-311
-234
-202
-166
-154
-172
-143
-87
-44
30
70
120
204
281
304
310
318
321
343
352
457
536
699
904
1045
1218
1290
1415
1579
1146
199
-533
-988
-1251
-1526
-2045
-1941
-1035
-97
678
1025
1256
1639
1811
1624
921
150
-294
-634
-824
-921
-877
-667
-276
132
445
659
537
333
303
207
29
-209
-394
-281
-3
223
252
226
323
420
401
273
14
-105
-86
-75
-27
-24
12
90
166
225
178
110
-6
-120
-56
-73
-89
-116
-105
36
135
174
46
-23
-42
-151
-237
-370
-537
-556
-492
-456
-322
-233
-142
0
72
97
73
-15
-121
-207
-293
-382
-464
-475
-416
-328
-244
-161
-111
-67
0
23
34
24
10
50
81
131
171
235
315
391
453
524
606
617
658
751
834
927
954
972
1220
1317
797
103
-388
-735
-830
-1253
-1630
-1261
-608
158
606
807
1148
1410
1524
1166
528
38
-373
-639
-821
-836
-702
-485
-119
201
511
637
446
310
166
-6
-172
-458
-523
-348
-116
87
146
257
406
449
400
217
41
-83
-145
-183
-241
-205
-188
-126
-29
-22
-7
-45
-85
-135
-100
-93
-118
-68
-79
36
49
-18
-90
-193
-231
-333
-434
-582
-654
-585
-560
-521
-462
-394
-252
-189
-202
-208
-272
-310
-383
-450
-525
-576
-578
-586
-555
-514
-466
-390
-317
-233
-165
-157
-129
-133
-79
-65
-118
-158
-175
-167
-106
-55
-71
10
155
288
428
560
675
789
870
916
951
1006
908
271
-303
-596
-893
-997
-1385
-1549
-1017
-431
146
408
547
857
1079
1075
630
113
-203
-483
-613
-725
-778
-603
-384
-67
194
309
328
175
64
0
-225
-421
-567
-581
-324
-141
-53
49
161
364
413
295
125
-39
-71
-112
-194
-269
-275
-193
-109
-70
-39
-60
-47
-2
-6
38
-27
-30
-1
26
65
8
-27
-88
-97
-170
-278
-329
-389
-354
-335
-329
-313
-318
-269
-282
-251
-261
-292
-256
-257
-225
-212
-225
-230
-237
-234
-250
-310
-338
-356
-349
-337
-323
-239
-166
-55
14
47
101
115
128
91
75
66
100
151
217
323
457
529
638
832
895
958
935
891
992
737
169
-164
-482
-567
-662
-982
-913
-547
-50
302
393
586
791
952
866
490
190
-25
-178
-307
-444
-422
-356
-196
24
138
217
198
76
39
-30
-190
-323
-426
-373
-180
-56
24
97
237
362
341
266
113
0
-24
-104
-172
-227
-213
-142
-107
-59
-55
-42
11
17
11
45
35
12
45
64
83
88
2
-75
-100
-136
-227
-322
-360
-352
-281
-234
-206
-147
-88
-89
-107
-157
-241
-282
-337
-341
-365
-375
-343
-297
-215
-169
-135
-149
-151
-139
-150
-169
-193
-184
-137
-62
-18
18
50
105
152
157
132
144
149
177
207
250
324
458
596
764
930
1085
1134
1160
824
353
81
-369
-561
-868
-1101
-865
-555
-105
192
395
660
849
919
685
305
85
-164
-297
-403
-538
-354
-197
3
212
263
314
205
62
-32
-249
-387
-500
-536
-356
-203
-79
61
186
349
410
336
213
60
-1
-87
-206
-272
-295
-215
-150
-90
-52
-32
34
54
53
53
44
19
77
100
101
117
60
23
-3
-45
-114
-221
-313
-337
-285
-237
-229
-186
-95
57
128
100
-23
-103
-112
-188
-265
-384
-383
-314
-193
-112
-97
-40
-5
45
10
-54
-133
-155
-156
-133
-101
-88
-19
51
142
165
153
150
139
179
194
178
184
219
303
386
488
541
621
753
862
936
856
432
248
0
-211
-395
-786
-776
-608
-242
-75
3
244
460
709
648
401
208
96
-30
-166
-318
-361
-259
-136
-6
70
117
117
51
-29
-139
-288
-415
-506
-475
-317
-198
-103
14
158
301
348
278
121
45
-7
-117
-187
-278
-261
-180
-147
-104
-99
-85
-36
-36
-28
-55
-64
-52
-34
31
52
54
46
-6
2
-64
-211
-286
-374
-343
-313
-318
-254
-180
-42
22
48
2
-72
-92
-173
-248
-339
-374
-332
-255
-193
-149
-113
-64
-22
-42
-77
-136
-163
-164
-152
-121
-76
-7
66
139
159
162
148
128
114
78
62
68
67
91
150
203
268
343
371
434
475
618
448
176
111
-126
-105
-351
-594
-520
-381
-112
-115
-84
118
308
439
344
119
93
13
-61
-165
-330
-257
-206
-149
-52
-31
37
55
36
41
-36
-89
-209
-254
-184
-138
-115
-77
9
110
223
207
142
79
55
9
-107
-170
-216
-168
-87
-37
-5
27
107
144
143
127
83
52
49
14
8
7
-21
20
47
68
35
-3
-20
-38
-23
-61
-104
-125
-79
-55
-54
-71
-43
-4
22
16
-32
-58
-52
-24
-47
-44
-57
-11
21
11
-7
-17
16
-4
2
-1
6
59
83
123
144
185
224
229
228
215
197
195
225
249
271
279
323
357
388
431
312
197
86
-33
-76
-209
-288
-295
-195
-60
-14
55
119
207
278
256
161
112
38
11
-26
-85
-60
-80
-26
18
11
24
-5
-10
-19
-40
-71
-123
-125
-83
-39
-25
4
11
56
94
82
47
-8
-27
-68
-116
-163
-192
-191
-143
-132
-67
-26
16
78
59
70
22
33
18
-14
-20
-11
10
19
57
55
88
109
128
154
166
200
221
274
300
345
374
396
444
456
487
464
422
350
224
128
-34
-103
-183
-207
-150
-134
0
71
184
287
342
370
359
316
264
191
129
72
37
58
41
90
91
90
127
113
82
31
-15
-48
-98
-102
-87
-75
-18
35
88
136
129
135
122
81
36
-7
-46
-88
-71
-76
-69
-53
-40
-13
3
16
-3
5
1
25
7
-6
-9
12
40
16
6
-33
-36
-46
-70
-79
-81
-62
-20
28
81
141
186
218
256
263
279
262
260
259
257
315
379
474
410
341
263
133
109
-103
-217
-252
-211
-88
-68
26
185
381
498
477
418
376
302
228
93
-10
-43
-31
31
74
132
205
253
242
254
189
100
14
-40
-38
-64
-28
19
88
201
297
343
347
335
316
264
181
98
7
-4
11
3
24
44
87
161
174
196
206
190
199
199
189
153
146
144
147
147
127
107
86
73
68
46
34
24
26
51
70
59
55
71
92
88
73
46
55
73
67
55
17
18
25
31
58
55
54
70
83
78
63
43
50
42
37
16
11
23
19
41
38
58
55
65
62
60
60
38
51
53
60
68
49
58
56
35
36
24
20
42
39
56
55
51
46
43
47
33
34
-6
-8
-11
-9
15
9
20
33
48
44
28
21
18
3
9
-1
2
3
-7
5
13
7
11
23
21
19
-4
-19
-17
-31
-44
-47
-55
-43
-31
-10
14
10
17
23
16
4
0
-7
-11
-16
-34
-44
-38
-37
-45
-35
-41
-65
-69
-81
-94
-106
-114
-122
-111
-91
-67
-60
-53
-35
-21
-26
-42
-60
-55
-48
-56
-63
-46
-30
-29
-19
-34
-37
-37
-53
-71
-68
-76
-81
-82
-72
-52
-39
-8
1
22
36
28
35
17
9
-1
-28
-43
-41
-39
-35
-21
-14
-18
-13
-8
-6
-25
-33
-38
-38
-29
-23
-18
-24
-16
-10
-16
-23
-24
-36
-41
-40
-46
-44
-49
-50
-55
-69
-67
-58
-53
-60
-48
-67
-77
-89
-82
-60
-69
-55
-47
-36
-27
-13
-3
-23
-26
-19
-43
-63
-65
-92
-93
-84
-86
-76
-53
-38
-43
-33
-18
-35
-65
-65
-82
-77
-74
-78
-67
-71
-62
-65
-59
-64
-63
-71
-81
-95
-86
-89
-68
-38
-38
-9
-2
7
-5
-22
-27
-33
-53
-66
-67
-65
-48
-29
-16
-12
5
2
6
8
-12
-13
-24
-31
-27
-39
-29
-21
-11
10
-4
13
15
3
-7
-26
-39
-35
-43
-41
-30
-26
-14
-18
-2
10
22
27
9
5
11
13
-3
-16
-30
-32
-22
-22
-25
-23
-10
-21
-13
-7
-3
-3
-13
-28
-15
-22
-30
-28
-31
-20
-26
-30
-53
-56
-58
-68
-67
-85
-82
-75
-84
-76
-68
-65
-63
-65
-71
-62
-69
-71
-67
-63
-62
-56
-50
-37
-16
-22
-28
-22
-34
-32
-14
-12
-5
-7
-23
-38
-33
-28
-40
-41
-18
-20
-11
-6
-9
1
-16
-6
-26
-24
-27
-21
-6
-3
21
7
29
16
40
29
13
21
-3
-7
-26
-17
-20
-19
-15
-15
-12
-11
3
3
2
1
1
10
3
7
11
21
20
26
35
23
28
25
24
31
24
23
27
18
21
33
43
49
45
56
43
27
18
-13
-19
-26
-28
-24
-12
6
12
20
34
29
8
-12
-26
-38
-53
-52
-48
-55
-34
-26
-15
-25
-31
-16
-13
-22
-34
-33
-31
-23
-26
-22
-23
-20
-3
13
10
21
8
18
18
21
21
20
28
29
32
22
34
29
25
6
1
4
-6
-24
-22
-28
-49
-32
-35
-35
-27
-24
-3
9
18
27
18
21
25
4
-12
-24
-33
-25
-28
-22
-16
-15
0
10
17
28
36
49
57
63
52
63
40
43
46
18
19
3
0
-7
-6
-3
-7
18
16
32
59
74
59
51
39
21
8
-1
6
-7
-2
3
16
31
52
36
44
60
44
24
2
-5
-18
-30
-27
-27
-28
-18
-35
-35
-31
-40
-22
-26
-31
-35
-46
-48
-33
-28
-32
-31
-43
-40
-52
-52
-51
-44
-24
-13
5
2
5
15
-1
-2
-19
-31
-38
-43
-22
-11
-18
-20
-11
-24
-21
-32
-31
-35
-47
-47
-46
-27
-19
-15
-13
-12
-13
-14
-11
-22
-19
-22
-37
-22
-10
-8
-13
-13
-5
-12
-28
-47
-60
-50
-45
-30
-27
-7
-2
4
15
17
7
-18
-20
-48
-54
-51
-65
-52
-40
-29
-8
11
12
7
-1
-14
-17
-34
-34
-21
-9
10
14
14
3
16
37
21
19
10
-5
-11
-8
-9
0
1
17
10
-11
-10
-13
-3
8
6
9
28
39
45
51
63
70
59
53
37
34
32
37
46
48
61
74
95
101
109
113
103
104
94
76
78
64
65
69
76
99
97
105
126
123
131
135
136
130
145
153
160
150
135
146
149
160
152
143
129
125
124
118
118
128
134
137
139
133
145
137
130
125
137
127
119
108
102
120
107
106
113
118
119
123
128
115
114
120
110
111
115
112
101
97
97
84
100
99
104
88
88
90
86
95
82
74
63
68
62
46
44
39
49
46
57
63
44
35
27
26
17
28
25
28
38
43
46
40
24
32
21
12
19
4
14
25
32
29
39
27
32
30
21
20
14
1
1
-6
-2
19
21
15
26
37
28
21
22
20
27
44
50
54
49
55
66
56
66
67
61
47
37
42
35
30
33
33
30
40
49
51
52
54
47
58
50
31
27
27
39
48
36
39
40
30
29
30
28
39
37
35
26
33
44
52
46
23
35
33
20
19
20
10
14
14
21
16
23
24
18
12
4
14
5
-3
4
8
-5
-7
-17
-16
-4
-13
-8
8
6
3
6
-4
3
9
-14
-5
-14
-25
-28
-31
-43
-37
-42
-49
-38
-25
-10
1
10
0
20
4
-1
-12
-14
-18
-33
-11
0
13
29
29
24
45
34
34
28
11
-5
-2
3
5
11
21
35
40
52
41
40
38
39
44
38
45
31
32
51
40
42
50
29
29
46
30
29
23
28
39
36
48
55
68
72
64
63
36
50
48
35
41
26
37
26
38
36
37
44
34
45
37
30
19
12
6
11
18
12
22
26
35
37
25
38
23
21
13
2
7
6
16
13
27
29
31
26
21
19
14
17
8
12
18
14
6
5
-10
-17
-21
-27
-21
-26
-20
-11
-15
-29
-7
-3
-6
4
0
7
18
-2
-2
-5
-11
-7
-1
-11
-7
1
17
20
11
20
14
18
17
16
10
11
-8
13
17
13
34
29
37
41
49
44
42
41
28
22
31
26
28
36
35
40
41
37
38
56
58
59
56
49
61
57
51
33
30
24
20
18
12
16
