SAMPLES:	5653
BITSPERSAMPLE:	16
CHANNELS:	1
SAMPLERATE:	16000
NORMALIZED:	FALSE
16
16
28
10
4
11
-4
-2
12
4
11
11
-8
3
12
13
11
20
17
12
21
15
22
14
1
11
15
8
15
18
13
18
16
17
29
19
25
29
22
21
25
33
28
25
26
26
19
21
31
35
29
49
49
43
66
53
53
59
44
43
46
45
52
46
56
49
43
40
38
51
47
46
47
61
59
56
50
50
53
48
48
53
43
43
53
47
46
53
56
58
53
45
34
36
44
40
24
26
32
33
7
14
7
-15
9
-9
19
4
-12
24
2
-4
15
10
25
26
53
78
30
48
66
43
57
19
54
58
49
73
80
84
63
52
46
25
-33
-51
-50
-33
-27
-62
-35
-35
-59
-46
-39
-18
-29
-22
25
24
0
4
2
22
15
27
28
2
-21
-22
-15
-23
-35
-48
-30
-36
-38
-33
-36
-19
-8
-15
2
9
20
19
32
44
46
55
48
70
76
72
51
41
41
24
22
12
2
0
-4
4
0
-15
-28
-28
-15
1
9
6
11
31
45
60
72
80
80
68
55
60
51
50
34
22
26
3
1
-5
-1
-15
-3
10
1
14
15
30
23
25
25
33
25
43
33
-87
-59
-19
36
56
-6
27
1
-2
51
47
99
87
110
148
143
137
141
150
111
69
42
-3
-28
-52
-38
-42
-95
-117
-107
-97
-97
-87
-55
-27
-35
-12
15
30
26
38
64
64
41
43
26
35
-14
-32
-42
-78
-87
-111
-115
-227
-212
-147
-124
-94
-176
-114
-74
-98
-38
-35
9
14
25
93
83
43
27
13
-146
-172
-83
-33
-18
-112
-104
-94
-132
-81
-71
-19
-18
-8
86
86
89
104
119
169
238
257
336
232
-38
-92
-66
53
17
-104
-76
-139
-193
-198
-189
-150
-180
-107
50
89
65
29
61
115
133
203
256
218
167
140
117
63
-5
-11
-7
-27
-36
-71
-104
-150
-170
-125
-85
-61
-38
1
28
36
58
75
110
141
177
178
162
138
91
72
36
30
18
-17
-68
-95
-101
-114
-128
-105
-90
-74
-54
-66
-113
-72
34
73
96
51
76
83
66
105
26
-73
-97
-71
1
-44
-124
-114
-150
-127
-75
-55
-28
-42
15
82
76
70
80
102
160
180
194
188
137
110
116
119
160
148
188
2
-177
-178
-165
-53
-151
-177
-126
-188
-175
-156
-97
-97
-95
32
117
117
69
61
78
78
103
158
137
65
20
-6
-52
-123
-148
-113
-117
-127
-129
-127
-141
-160
-125
-94
-49
-21
11
22
30
-120
-84
7
28
73
-53
-56
-118
-236
-157
-130
-114
-119
-145
-70
-61
-83
-17
-2
56
144
201
277
233
221
244
248
316
340
366
380
145
-28
-128
-157
-109
-204
-183
-179
-280
-285
-307
-257
-221
-199
-4
99
127
129
125
157
172
202
272
287
233
173
120
42
-68
-122
-121
-127
-160
-177
-207
-243
-287
-268
-196
-138
-61
5
65
88
90
120
147
161
185
175
150
39
-26
-70
-111
-189
-262
-193
-217
-255
-285
-321
-284
-279
-183
-71
-51
8
61
118
142
151
94
115
168
287
359
282
219
135
97
115
96
150
146
171
215
176
101
-90
-198
-202
-94
-13
-38
-52
-118
-155
-160
-100
-23
-14
62
134
167
132
80
68
62
113
171
198
155
70
-10
-63
-76
-84
-65
-39
-45
-71
-92
-102
-119
-94
-23
36
78
82
97
79
64
62
77
114
116
105
73
-49
-187
-233
-203
-166
-187
-214
-229
-357
-400
-358
-306
-194
-144
-29
75
90
167
187
251
324
400
524
470
429
338
273
268
243
317
326
265
150
-76
-162
-328
-384
-304
-252
-107
-192
-219
-218
-238
-123
-39
133
264
297
367
352
293
248
231
293
297
244
194
61
-70
-177
-257
-243
-248
-242
-193
-211
-221
-225
-189
-109
-11
98
190
237
189
154
130
102
9
-94
-249
-258
-178
-232
-390
-551
-484
-368
-196
-27
92
161
146
314
161
54
343
586
768
583
422
434
222
176
235
249
152
-32
8
-88
-265
-469
-568
-475
-370
-165
-118
-165
-219
-197
-32
93
213
306
368
405
350
269
201
109
59
24
47
-137
-373
-529
-557
-558
-659
-561
-521
-450
-400
-348
-160
-94
41
198
302
410
455
557
542
524
473
441
405
161
61
-14
-70
-12
-91
-55
-107
-48
148
394
512
414
435
561
635
298
182
183
295
340
145
172
-75
-323
-315
-250
-146
-258
-247
-94
-101
-95
-73
9
91
133
320
445
371
269
252
255
234
182
247
194
62
-63
-96
-422
-610
-416
-466
-370
-639
-756
-755
-879
-637
-543
-407
-306
-238
14
106
250
416
502
632
752
784
766
632
546
492
355
312
118
-396
-812
-862
-557
-206
-115
-61
-18
71
194
381
619
716
916
1156
1267
1114
799
709
401
169
55
98
133
-322
-603
-761
-876
-913
-851
-506
-360
-350
-174
7
106
151
335
641
782
830
884
804
600
389
329
314
141
-21
-127
-304
-514
-676
-703
-659
-634
-507
-344
-234
-165
-100
57
239
363
530
665
705
657
581
530
451
345
246
151
-178
-437
-703
-853
-1025
-1204
-1129
-1103
-972
-886
-779
-595
-437
-169
116
333
535
603
516
488
430
468
377
254
172
29
-34
-102
-71
18
133
308
481
604
845
972
1286
1392
1205
1094
761
277
-46
19
216
120
-400
-667
-784
-928
-930
-780
-484
-419
-297
74
203
190
210
445
742
868
1033
1069
852
593
412
375
248
53
-14
-100
-333
-563
-753
-786
-960
-932
-384
-87
25
-133
-102
169
211
511
800
902
845
680
768
629
359
274
200
165
49
-113
-256
-520
-689
-619
-511
-414
-357
-257
-154
-149
-46
105
253
313
254
161
108
37
15
-49
-197
-298
-419
-435
-497
-598
-707
-775
-723
-689
-586
-575
-665
-613
-502
-304
-150
-104
14
104
259
415
548
614
707
782
968
1126
1173
1300
1381
1563
1766
1512
1038
466
192
-246
-718
-648
-641
-602
-1108
-1377
-1256
-1318
-1055
-644
-150
144
232
577
733
734
865
1090
1285
1276
1194
1073
699
261
-23
-157
-300
-548
-656
-714
-941
-1110
-1089
-930
-741
-533
-199
62
183
289
471
664
816
928
1036
1055
904
686
493
327
120
-46
-176
-301
-481
-676
-780
-838
-805
-687
-507
-304
-261
-206
-284
-274
-158
-143
91
152
228
208
56
11
-130
-313
-408
-488
-574
-624
-716
-773
-864
-919
-786
-587
-323
-106
22
187
247
460
801
973
1230
1341
1497
1761
1840
2013
2269
2064
1728
992
433
3
-945
-882
-947
-878
-1238
-1970
-2055
-2122
-1507
-817
-314
-79
46
552
897
1102
1277
1486
1622
1676
1718
1531
1047
445
55
-152
-346
-585
-858
-1167
-1475
-1665
-1627
-1443
-1196
-890
-509
-173
78
297
513
780
1039
1263
1404
1375
1230
967
703
482
247
45
-186
-453
-724
-985
-1149
-1213
-1172
-1015
-873
-755
-823
-707
-524
-413
-173
-41
263
399
407
412
278
139
-157
-264
-328
-472
-517
-752
-928
-1128
-1156
-982
-812
-650
-528
-366
-209
13
243
601
864
1044
1248
1292
1491
1658
1952
2336
2434
2415
1815
1124
420
50
-283
-848
-977
-1180
-1241
-1662
-2079
-1964
-1854
-1344
-699
-113
274
387
665
952
1172
1463
1716
1843
1762
1528
1265
755
246
-64
-312
-515
-826
-1060
-1303
-1623
-1730
-1603
-1290
-958
-648
-260
10
224
474
751
1083
1286
1415
1479
1372
1142
850
600
382
119
-109
-372
-640
-954
-1170
-1301
-1265
-1501
-1598
-1431
-1385
-1087
-978
-712
-421
-272
30
217
357
424
392
482
344
215
115
-112
-237
-501
-645
-721
-870
-866
-829
-735
-621
-493
-289
2
133
365
621
821
1218
1539
1881
2142
2286
2637
2793
2408
1777
780
257
-110
-631
-660
-1117
-1471
-1915
-2409
-2220
-2166
-1802
-1187
-700
-96
175
498
866
1043
1450
1811
2017
2073
1809
1530
1094
571
233
-99
-392
-726
-1093
-1373
-1724
-1930
-1882
-1674
-1349
-1011
-609
-270
-7
283
623
981
1276
1495
1614
1558
1404
1138
903
645
340
79
-234
-543
-1083
-1553
-2048
-2327
-2366
-2185
-1787
-1510
-1293
-1174
-938
-536
-142
321
698
880
977
865
749
591
361
257
44
-160
-462
-781
-1008
-1255
-1212
-1077
-795
-504
-275
-67
65
460
734
883
1161
2025
2675
3324
3567
3340
2919
1536
1110
725
254
-2
-675
-831
-1638
-2568
-2792
-3041
-2631
-2108
-1431
-712
-575
-227
189
543
1135
1671
2257
2473
2330
2204
1807
1323
901
562
328
-111
-626
-1076
-1652
-2083
-2330
-2187
-1840
-1603
-1259
-957
-667
-351
43
619
1091
1447
1733
1833
1788
1566
1370
1197
983
693
347
-78
-537
-1130
-1813
-2205
-2488
-2406
-2204
-2036
-1867
-1814
-1584
-1173
-657
-136
287
612
825
830
847
866
749
683
482
231
-56
-512
-879
-1210
-1415
-1431
-1365
-1132
-1089
-1060
-681
-368
22
546
893
1317
1649
2173
2472
2821
3136
3641
3956
3490
2727
1645
129
-1138
-1207
-971
-682
-1669
-2632
-3107
-3609
-3125
-2567
-1612
-735
-265
579
857
1017
1303
1619
2274
2645
2931
2754
1965
1063
367
304
24
-176
-667
-1494
-1984
-2574
-2411
-2318
-2285
-1645
-1249
-658
-373
-156
346
614
1184
1753
2045
2191
1871
1600
1392
1029
844
475
196
-198
-753
-1387
-1963
-2535
-2729
-2587
-2372
-1987
-1962
-1770
-1562
-1225
-631
-104
436
720
850
923
846
742
634
490
307
91
-249
-690
-1103
-1450
-1620
-1465
-1381
-1109
-1010
-855
-586
-340
262
860
1276
1229
1358
1626
2016
2439
2900
3464
3994
3947
3624
2336
644
-1194
-1520
-784
-343
-684
-2249
-3374
-3953
-3720
-2761
-1938
-1146
-498
176
752
848
996
1316
1861
2635
3147
3134
2498
1537
838
350
26
-229
-548
-1001
-1695
-2315
-2648
-2742
-2605
-2109
-1440
-886
-537
-266
48
442
937
1529
2031
2262
2185
1914
1600
1203
899
646
451
-215
-764
-1494
-2158
-2386
-2904
-2802
-2786
-2517
-2023
-1860
-1493
-1290
-838
-169
351
874
1048
1005
979
825
751
654
361
83
-380
-852
-1194
-1546
-1611
-1626
-1508
-1357
-1261
-897
-728
-221
212
571
1080
1377
1893
2164
2462
2709
2935
3305
3988
4552
4214
3216
1385
-272
-1673
-1571
-802
-715
-1578
-3208
-3964
-4267
-3705
-2549
-1522
-587
-26
612
974
1053
1337
1867
2582
3156
3347
3028
2160
1137
457
68
-221
-553
-919
-1492
-2330
-2951
-3110
-2942
-2526
-1885
-1176
-680
-426
-119
307
823
1369
1938
2397
2443
2213
1789
1383
982
586
301
-300
-563
-1154
-1833
-2374
-3093
-3029
-2953
-2571
-2062
-1966
-1610
-1429
-1011
-415
84
647
909
1039
1072
903
654
422
257
120
-103
-561
-990
-1450
-1798
-1879
-1858
-1597
-1469
-1261
-1062
-779
-527
-84
438
798
1206
1507
1847
1999
2330
2594
2767
2944
2990
3370
3950
3862
3089
1678
-537
-1622
-1881
-1250
-620
-1647
-2568
-3556
-3771
-2886
-2293
-1204
-535
47
951
1117
1362
1457
1645
2330
2690
3007
2708
1798
1020
262
-79
-395
-788
-1052
-1639
-2194
-2612
-2778
-2579
-2275
-1601
-897
-503
-184
54
422
881
1343
1904
2157
2057
1856
1479
1142
698
290
-10
-442
-876
-1361
-1992
-2659
-3236
-3164
-2729
-2232
-1792
-1707
-1566
-1387
-871
-170
403
780
903
916
829
606
380
206
-18
-115
-343
-754
-1270
-1706
-1798
-1777
-1532
-1364
-1163
-956
-880
-413
-160
291
572
985
1446
1486
1863
1910
2138
2451
2826
3492
3491
3445
2908
2563
2706
2320
1073
-1416
-2535
-2055
-1202
-1212
-2318
-3118
-3610
-3184
-1875
-862
-392
-140
459
1246
1678
1908
1934
1927
2249
2618
2624
1998
1037
349
-150
-569
-804
-1055
-1569
-2171
-2436
-2344
-2307
-2102
-1547
-978
-476
-128
278
671
940
1316
1723
1984
1966
1739
1506
1141
699
344
-129
-670
-1169
-1704
-2071
-2558
-2898
-2835
-2568
-2168
-1852
-1575
-1324
-998
-560
-1
447
670
752
696
602
394
250
42
-237
-464
-718
-898
-1190
-1434
-1542
-1467
-1234
-1094
-871
-761
-411
-166
188
577
710
1227
1347
1702
2075
2156
2322
2518
2926
3311
3436
3585
3219
3028
2373
1225
-735
-2380
-1890
-1196
-839
-1886
-3037
-3523
-3659
-2546
-1307
-558
-111
251
918
1352
1498
1738
1900
2273
2680
2683
2247
1250
471
39
-365
-589
-926
-1335
-1971
-2478
-2523
-2518
-2355
-1858
-1232
-671
-373
-87
300
573
1046
1506
1922
1979
1721
1478
1102
691
243
-108
-502
-1048
-1629
-2184
-2669
-2873
-2841
-2543
-2210
-2038
-1729
-1497
-1115
-653
-167
353
592
719
750
594
379
206
-4
-139
-438
-664
-922
-1274
-1460
-1563
-1450
-1370
-1161
-990
-757
-635
-430
-44
280
721
884
1223
1442
1531
1943
2008
2587
2668
2805
3195
3312
3730
3086
3075
2438
1115
-940
-2390
-1636
-986
-899
-1983
-2972
-3532
-3480
-2409
-1321
-602
-201
337
913
1307
1543
1678
1858
2249
2694
2744
2149
1242
502
-8
-361
-622
-846
-1329
-2002
-2438
-2534
-2470
-2273
-1794
-1135
-670
-367
-19
308
667
1033
1521
1879
1862
1707
1354
1011
555
276
-43
-567
-1157
-1762
-2091
-2529
-2661
-2609
-2378
-2045
-1840
-1433
-1254
-973
-546
-122
364
528
679
596
333
224
62
-1
-168
-420
-621
-949
-1184
-1316
-1404
-1284
-1170
-1005
-728
-749
-542
-317
-107
331
592
944
1170
1305
1539
1688
2151
2447
2563
2869
3020
3472
3703
3524
3526
2390
1252
-627
-1951
-1382
-1200
-663
-1858
-2995
-3380
-3614
-2439
-1616
-818
-128
190
928
1230
1411
1677
1808
2380
2768
2779
2344
1369
670
137
-207
-422
-848
-1301
-1909
-2342
-2465
-2530
-2316
-1908
-1300
-729
-413
-56
247
529
993
1449
1829
1892
1619
1377
933
528
126
-334
-661
-1172
-1591
-1976
-2444
-2589
-2597
-2304
-1930
-1696
-1405
-1226
-901
-497
-30
354
547
590
556
455
303
163
0
-205
-452
-616
-854
-1074
-1286
-1379
-1230
-1202
-972
-836
-766
-550
-372
96
448
639
980
1069
1311
1557
1763
2101
2207
2600
2844
3116
3233
3424
3129
3199
3007
1820
200
-2298
-1817
-1247
-828
-1057
-2783
-3102
-3604
-2806
-1458
-996
-286
41
696
1416
1475
1670
1631
1838
2490
2669
2493
1585
654
109
-447
-523
-739
-1181
-1700
-2354
-2385
-2398
-2376
-1917
-1502
-816
-425
-72
334
469
794
1161
1568
1736
1589
1306
860
426
1
-325
-647
-1129
-1615
-2105
-2430
-2599
-2545
-2304
-2034
-1810
-1471
-1194
-907
-570
-265
140
334
526
533
371
66
-129
-106
-179
-288
-566
-858
-1108
-1235
-1213
-1109
-1095
-981
-721
-631
-479
-283
18
283
637
917
1178
1251
1626
1894
2282
2662
2884
3305
3212
3373
3588
3277
3564
2438
714
-1405
-2699
-1274
-809
-860
-2006
-3403
-3571
-3379
-2008
-969
-656
32
526
1264
1656
1666
1828
1847
2413
2955
2799
2181
1076
345
-129
-498
-494
-931
-1529
-2115
-2454
-2360
-2451
-2176
-1633
-1093
-479
-88
322
575
743
1150
1598
1931
1967
1693
1176
462
52
-264
-617
-1015
-1577
-1951
-2368
-2612
-2504
-2458
-2201
-1839
-1352
-889
-706
-481
-249
71
434
682
744
519
204
-75
-303
-407
-545
-703
-944
-1264
-1436
-1464
-1452
-1244
-1112
-872
-659
-595
-270
-167
253
534
647
1189
1307
1527
1778
1763
2289
2631
2816
3204
3092
3538
3318
2902
2921
1472
105
-2098
-2218
-1217
-1184
-1192
-2613
-3301
-3601
-3033
-1467
-853
-299
187
701
1350
1469
1698
1797
1797
2333
2621
2355
1530
499
-64
-598
-817
-848
-1318
-1876
-2484
-2566
-2436
-2372
-1936
-1440
-838
-333
71
464
610
853
1194
1493
1658
1551
1300
774
168
-266
-681
-935
-1257
-1597
-1924
-2391
-2555
-2514
-2247
-1894
-1579
-1163
-917
-671
-413
-174
117
301
496
565
438
147
-143
-389
-524
-678
-778
-933
-1204
-1343
-1479
-1353
-1240
-934
-743
-668
-472
-333
80
250
577
862
1117
1410
1443
1651
1875
2180
2758
3010
3005
3035
2806
2951
2997
3064
2063
-151
-2337
-2526
-1357
-701
-1113
-2364
-3203
-3532
-2666
-1391
-696
-355
24
847
1493
1749
1702
1530
1663
2178
2648
2464
1559
520
-204
-623
-771
-891
-1253
-1812
-2229
-2275
-2216
-2155
-1866
-1335
-681
-93
378
625
726
978
1346
1678
1757
1693
1375
930
384
-23
-371
-801
-1140
-1575
-1721
-2062
-2199
-2184
-2199
-1739
-1409
-881
-552
-469
-269
-99
189
439
571
570
387
131
-40
-213
-398
-546
-717
-862
-986
-1107
-1104
-1160
-1083
-893
-658
-344
-210
-56
45
291
620
909
1198
1351
1601
1470
1859
2173
2475
2709
2548
3100
3133
3257
3004
2773
2619
1304
-513
-2161
-1806
-856
-748
-1352
-2331
-2897
-2978
-2122
-946
-294
9
502
1126
1557
1701
1683
1702
1818
2246
2477
2055
1145
189
-353
-727
-893
-1050
-1428
-1857
-2195
-2244
-2164
-1973
-1542
-994
-445
42
435
642
775
1069
1342
1459
1528
1419
1171
593
10
-336
-700
-926
-1259
-1559
-1837
-2114
-2177
-2117
-1907
-1573
-1180
-774
-537
-381
-182
-5
190
336
464
359
188
-89
-275
-499
-745
-839
-1037
-1121
-1259
-1341
-1279
-1268
-1079
-921
-690
-401
-310
-7
218
365
628
816
1021
1434
1488
1833
1883
1954
2443
2420
2879
3079
3126
3252
2629
2955
2142
251
-1835
-2631
-1084
-561
-897
-1843
-2952
-3294
-2931
-1546
-426
-208
189
751
1368
1694
1587
1597
1619
2016
2545
2413
1733
628
-249
-694
-935
-891
-1171
-1660
-2011
-2250
-2248
-2206
-1816
-1206
-740
-158
340
614
674
785
1130
1386
1440
1483
1355
925
328
-172
-448
-793
-1075
-1319
-1533
-1803
-2035
-1965
-1889
-1692
-1437
-1046
-710
-510
-261
-126
-16
120
286
384
331
92
-80
-338
-541
-642
-808
-914
-1178
-1268
-1283
-1305
-1260
-1141
-925
-760
-478
-214
-45
92
285
521
761
1002
1229
1374
1434
1551
1693
1902
2231
2455
2586
2655
2940
2772
2456
2466
2201
1052
-1381
-2187
-1339
-712
-680
-1574
-2076
-2734
-2710
-1404
-509
-124
-3
591
1400
1599
1701
1545
1419
1656
2014
2212
1705
776
-60
-707
-850
-817
-1006
-1399
-1790
-1847
-1866
-1783
-1422
-988
-624
-180
386
781
791
775
1034
1171
1204
1263
1237
971
352
-45
-360
-722
-1000
-1227
-1281
-1510
-1627
-1642
-1629
-1652
-1392
-925
-531
-276
-190
-75
-61
63
247
329
260
72
-59
-285
-495
-690
-866
-956
-1062
-1037
-1072
-1174
-1190
-1072
-807
-572
-241
-51
111
265
366
626
816
1104
1384
1419
1592
1713
1905
2144
2359
2566
2763
2849
2754
2492
2542
2385
1372
-660
-2113
-1671
-966
-524
-1177
-2001
-2587
-2770
-1707
-696
-151
64
440
1197
1624
1737
1634
1445
1580
1918
2177
1919
1114
182
-583
-860
-845
-953
-1267
-1667
-1823
-1815
-1754
-1465
-1114
-695
-202
370
808
914
919
1004
1219
1368
1394
1289
1040
606
202
-164
-482
-839
-1117
-1222
-1470
-1587
-1648
-1597
-1456
-1376
-966
-658
-479
-206
-84
87
161
254
402
375
265
119
-64
-343
-518
-703
-815
-937
-1046
-1059
-1194
-1220
-1096
-902
-660
-448
-223
3
105
371
599
802
1025
1135
1392
1622
1713
1792
1898
2022
2399
2565
2850
2928
2381
2244
2018
2223
1225
-1004
-1953
-1737
-796
-677
-1286
-1719
-2461
-2370
-1308
-336
143
171
612
1322
1667
1830
1644
1470
1551
1777
2006
1626
897
61
-672
-853
-876
-951
-1309
-1655
-1630
-1630
-1451
-1141
-770
-451
-100
513
929
1054
1077
1189
1260
1306
1330
1310
976
505
225
-128
-400
-768
-1036
-1264
-1476
-1573
-1510
-1355
-1226
-1022
-823
-570
-315
-55
151
298
338
436
474
366
274
11
-158
-391
-541
-659
-906
-1054
-1190
-1174
-1151
-1071
-902
-780
-592
-335
-93
209
353
581
775
877
1138
1175
1382
1623
1587
1905
1821
2042
2240
2291
2871
2594
2382
2097
2215
2470
518
-1393
-2111
-1363
-212
-723
-949
-1764
-2677
-2090
-1148
-1
51
45
828
1277
1684
1602
1328
1258
1323
1861
1970
1472
674
-368
-841
-897
-809
-900
-1406
-1527
-1584
-1625
-1387
-1134
-757
-484
5
679
911
909
892
1084
1170
1236
1352
1230
868
279
62
-214
-481
-748
-996
-1154
-1419
-1469
-1434
-1421
-1232
-988
-655
-429
-307
-110
-2
141
275
377
383
255
101
-70
-283
-456
-613
-748
-885
-1008
-1079
-1116
-1139
-1072
-898
-675
-442
-209
-43
91
266
523
709
880
1035
1130
1402
1366
1491
1591
1660
2022
2029
2218
2335
2416
2215
2005
1750
2349
1954
-444
-1566
-1979
-540
-311
-960
-672
-2018
-2189
-1481
-529
263
-160
396
1065
1383
1698
1409
1232
1011
1298
1807
1579
1165
281
-544
-789
-823
-672
-991
-1302
-1245
-1364
-1312
-1084
-788
-578
-337
304
790
880
809
906
1019
978
1139
1219
943
476
187
-25
-266
-618
-789
-901
-1209
-1243
-1287
-1294
-1231
-1085
-739
-506
-394
-207
-54
24
154
231
283
199
75
13
-171
-344
-522
-655
-813
-929
-983
-1038
-1043
-1012
-910
-772
-593
-424
-142
-49
174
291
526
686
818
972
975
1112
1105
1407
1483
1675
1694
1824
1938
2081
1969
1771
1475
1513
1770
2213
554
-1440
-1902
-1469
-32
-753
-574
-1092
-2186
-1435
-857
162
-16
-125
795
1085
1500
1391
959
659
650
1303
1451
1110
497
-439
-857
-852
-680
-718
-1184
-1130
-1013
-1091
-888
-733
-547
-436
22
711
887
797
718
756
782
849
1004
923
411
138
2
-224
-495
-809
-820
-950
-1114
-1064
-1145
-1240
-1156
-992
-602
-482
-342
-158
-150
-17
29
118
84
1
-10
-127
-281
-486
-625
-753
-853
-820
-833
-875
-868
-861
-666
-539
-318
-37
35
194
397
563
808
861
928
1157
1252
1480
1635
1635
1857
1814
2159
2320
2035
1848
1574
1701
2201
1450
-672
-1649
-1790
-472
-501
-806
-710
-2022
-1849
-1207
-319
77
-271
478
965
1314
1505
1169
918
733
1184
1570
1357
896
43
-546
-744
-696
-619
-976
-1138
-1069
-1149
-1062
-896
-751
-532
-182
418
778
747
742
776
868
916
1063
1119
832
471
155
78
-250
-489
-629
-793
-840
-1009
-1022
-1085
-1158
-903
-702
-475
-301
-267
-106
-126
30
171
164
175
98
29
-169
-349
-502
-600
-695
-776
-797
-920
-933
-943
-815
-641
-465
-230
-71
95
225
414
544
782
852
1110
1107
1239
1346
1323
1574
1560
1834
2070
1934
1887
1418
1380
1488
1742
1826
-363
-1285
-1612
-708
-214
-942
-466
-1551
-1648
-974
-463
104
-371
262
862
1080
1431
1074
792
596
859
1325
1183
870
189
-459
-592
-637
-624
-919
-1069
-939
-982
-938
-849
-743
-653
-384
226
603
635
607
609
676
687
829
926
712
464
214
0
-129
-500
-544
-676
-804
-737
-905
-860
-1109
-985
-722
-637
-355
-345
-174
-241
-227
-61
-66
34
-27
-72
-198
-362
-448
-614
-724
-798
-785
-767
-828
-789
-772
-666
-495
-287
-58
73
262
372
510
644
775
988
1062
1120
1226
1328
1475
1518
1671
1817
1694
1634
1529
1589
1437
1875
1166
-600
-1395
-1712
-440
-558
-600
-516
-1524
-1331
-1261
-501
-71
-183
501
850
1237
1169
788
620
521
871
1145
1161
794
23
-488
-728
-687
-659
-871
-848
-829
-951
-965
-891
-739
-620
-296
286
572
553
532
544
582
653
852
948
785
501
267
106
-154
-354
-445
-507
-590
-609
-745
-873
-1036
-1058
-698
-498
-253
-261
-298
-228
-279
-108
-71
-56
-93
-153
-210
-382
-523
-716
-748
-737
-699
-742
-843
-873
-855
-731
-583
-353
-195
-32
156
282
370
448
567
775
977
1056
1167
1080
1186
1245
1458
1635
1625
1466
1380
1445
1662
1703
1700
744
-910
-1007
-833
-27
-320
-649
-690
-1584
-1073
-657
-361
-315
-326
487
749
1017
959
491
359
540
1024
1156
974
531
-103
-370
-328
-360
-554
-757
-745
-740
-821
-743
-745
-763
-584
-157
277
411
347
365
423
494
706
851
843
608
468
364
201
-4
-158
-243
-309
-405
-423
-573
-771
-801
-781
-616
-529
-371
-341
-377
-354
-285
-169
-224
-126
-146
-198
-220
-352
-394
-590
-609
-602
-630
-635
-718
-727
-758
-714
-592
-426
-298
-162
-37
66
200
343
552
684
731
789
966
1013
1224
1183
1190
1424
1332
1684
1363
1412
1511
1449
1843
1668
213
-900
-1039
-524
64
-465
-291
-1050
-1546
-873
-686
-242
-446
-75
503
699
1074
664
348
315
665
1094
1114
968
331
-179
-252
-309
-370
-563
-629
-582
-716
-739
-753
-853
-801
-536
-37
240
223
224
212
300
412
630
777
688
588
497
395
160
-31
-104
-150
-249
-225
-406
-656
-699
-820
-573
-643
-543
-430
-473
-313
-433
-338
-334
-282
-135
-192
-142
-310
-379
-462
-534
-455
-563
-537
-617
-664
-701
-754
-669
-603
-504
-337
-197
-64
18
150
289
437
635
745
884
1014
1060
1136
1256
1261
1543
1461
1407
1501
1492
1750
1719
1508
-209
-955
-822
-370
28
-585
-396
-1293
-1433
-789
-696
-301
-449
95
544
745
1019
492
289
454
860
1126
1111
874
216
-187
-180
-206
-355
-569
-603
-634
-700
-672
-856
-885
-767
-463
53
247
214
144
156
330
524
749
781
655
610
517
463
271
58
13
-59
-78
-60
-279
-428
-590
-522
-498
-453
-262
-313
-279
-467
-286
-355
-297
-206
-215
-91
-229
-222
-352
-420
-443
-446
-433
-470
-512
-595
-647
-686
-657
-631
-592
-500
-400
-302
-154
-73
57
164
325
543
675
797
861
925
1182
1328
1423
1512
1244
1421
1439
1805
1690
1645
567
-708
-536
-677
100
-481
-527
-797
-1513
-733
-789
-481
-481
-282
436
585
961
666
308
342
670
1050
1121
982
456
33
-58
-82
-179
-428
-526
-532
-588
-620
-732
-859
-874
-622
-168
124
123
89
107
230
414
622
740
691
641
608
560
421
234
165
103
121
105
-16
-201
-383
-390
-316
-219
-146
-142
-152
-195
-191
-149
-150
-73
-28
-30
-23
-84
-180
-338
-429
-378
-388
-403
-493
-552
-657
-695
-626
-640
-598
-587
-511
-454
-425
-343
-281
-171
-27
140
301
400
427
515
597
708
814
992
1162
1251
1365
1320
1335
1611
1660
1865
1214
-242
-346
-564
94
-123
-487
-504
-1509
-1002
-874
-683
-530
-595
6
203
638
612
210
211
453
835
1019
1063
687
209
52
80
-29
-200
-334
-437
-491
-591
-601
-783
-875
-688
-374
7
33
-37
-22
1
239
469
652
644
558
580
528
448
328
253
193
212
251
120
-69
-231
-309
-257
-187
-87
-66
-107
-106
-137
-52
-101
-100
35
48
64
16
-34
-86
-205
-173
-222
-314
-351
-464
-505
-627
-594
-666
-650
-639
-611
-529
-540
-478
-496
-402
-307
-174
-111
-54
9
24
152
226
342
385
425
540
589
734
736
862
888
1152
1270
1640
1738
1800
1116
-482
-126
-413
419
92
-231
-362
-1441
-813
-980
-710
-644
-625
-64
108
534
237
-56
-60
316
709
980
1028
542
180
-21
135
47
-36
-152
-243
-309
-467
-514
-745
-822
-691
-364
-55
-91
-144
-237
-201
21
277
477
480
468
465
409
363
274
174
179
225
270
141
-75
-275
-380
-268
-165
-68
-98
-184
-185
-187
-101
-110
-52
55
99
186
24
-7
-106
-116
-23
-90
-84
-288
-382
-491
-569
-560
-677
-619
-598
-535
-501
-526
-509
-478
-345
-205
-48
30
34
37
70
126
185
213
219
149
192
181
147
134
40
201
246
461
494
645
725
978
1267
1661
1816
84
192
-129
539
634
56
358
-959
-481
-579
-552
-370
-735
-339
-178
369
311
-125
-247
0
310
679
960
642
403
151
334
337
281
173
32
117
-46
-129
-337
-538
-550
-365
-72
-50
-84
-183
-263
-135
75
221
304
314
349
334
330
314
205
229
275
340
355
209
14
-87
-117
-68
6
-9
-46
-121
-133
-137
-157
-77
-52
27
66
146
130
59
36
68
160
143
141
39
0
-103
-300
-341
-466
-425
-438
-484
-520
-642
-595
-611
-490
-409
-373
-297
-231
-122
-86
-58
-59
14
69
160
226
188
159
98
138
166
199
193
181
184
165
196
211
257
291
385
438
506
531
563
509
344
301
262
316
267
235
184
28
-15
-71
-97
-81
-101
-71
-48
-33
-23
-65
-41
-3
64
132
170
173
144
95
98
94
106
79
41
-3
-74
-115
-166
-193
-235
-221
-191
-219
-213
-219
-232
-283
-329
-295
-244
-171
-164
-184
-164
-140
-90
-82
-98
-95
-158
-152
-150
-163
-152
-185
-178
-159
-139
-142
-133
-116
-10
113
233
333
314
426
483
617
753
913
1098
1006
810
444
52
14
32
82
-22
-299
-453
-682
-676
-675
-630
-503
-338
-145
-13
7
-56
-55
65
272
445
541
483
330
215
154
128
108
67
-6
-74
-158
-273
-353
-437
-413
-320
-199
-134
-169
-203
-209
-145
-13
132
215
233
232
230
216
229
211
231
270
275
254
178
60
-62
-81
-47
-18
-22
-104
-154
-197
-147
-130
-83
-33
-36
54
83
113
77
74
93
124
178
167
122
46
22
-9
-21
-25
-73
-93
-135
-171
-202
-217
-214
-197
-123
-82
-43
-25
-42
-34
-24
12
50
85
97
76
52
31
24
4
-8
-20
-20
-53
-65
-115
-131
-134
-111
-65
-42
-21
-46
-27
-18
5
20
67
100
108
116
70
77
52
70
88
60
78
26
35
2
-22
-4
7
44
33
56
32
38
34
59
77
74
96
81
83
76
61
60
56
90
102
87
78
42
17
1
-4
-10
18
-16
0
-18
-25
-9
-53
24
-5
30
-37
-62
-144
-149
-106
-122
-72
-142
-97
-156
-100
-121
-113
-100
-52
-12
-11
15
-19
-8
2
75
69
95
56
55
34
67
68
60
41
68
69
-30
24
17
4
-10
-33
-69
-40
-58
-115
-42
-36
-100
-60
-41
-14
-41
-91
-106
-79
-24
-22
-35
-41
-84
-89
-49
-32
-34
-69
-55
-10
-26
-8
-44
-25
-15
-1
18
54
74
54
73
100
117
111
111
75
117
117
112
92
92
112
121
111
116
102
104
107
112
124
95
88
93
85
72
75
83
91
58
53
17
23
-10
-16
-15
-7
25
0
-7
-9
-13
19
37
67
73
96
102
120
107
121
135
139
181
166
204
215
207
218
180
153
133
113
129
84
110
50
13
10
-27
-3
11
10
38
19
26
47
37
70
101
113
141
129
112
115
102
116
79
71
70
48
38
6
-23
-39
-54
-51
-33
-26
-40
-27
-27
-20
-1
8
14
29
45
67
77
77
83
82
71
86
91
93
97
77
78
48
60
41
33
48
33
6
5
5
17
25
41
44
29
49
64
72
72
69
86
92
92
75
81
54
53
47
32
7
-36
-32
-41
-47
-46
-58
-82
-92
-102
-86
-100
-114
-89
-101
-49
-52
-43
-52
-66
-45
-47
-43
-37
-46
-27
-21
-47
-13
-43
-38
-61
-83
-59
-63
-75
-84
-81
-71
-77
-59
-63
-59
-39
-23
-33
-33
-16
-16
-7
-5
13
21
11
-7
-7
-9
10
-3
-16
-23
-18
-29
-45
-51
-55
-57
-39
-33
-23
-19
-33
-10
-14
8
13
5
23
19
30
39
43
31
32
46
35
16
12
11
2
5
0
-7
-8
-10
-16
5
12
14
18
26
49
50
55
49
48
61
60
43
62
83
67
59
45
50
41
22
7
-4
-6
-14
-8
-12
4
-6
-6
-11
5
14
-1
0
-4
18
24
24
19
38
60
51
37
46
25
21
18
20
26
5
14
-13
-4
6
-4
0
-1
25
24
22
40
47
62
69
68
96
80
62
56
46
56
48
42
40
49
41
26
24
10
18
30
39
51
61
66
59
77
85
118
117
121
127
125
139
143
163
170
159
166
153
130
97
105
120
118
110
105
100
95
110
105
101
114
105
106
