SAMPLES:	5161
BITSPERSAMPLE:	16
CHANNELS:	1
SAMPLERATE:	16000
NORMALIZED:	FALSE
-15
-23
-19
-11
0
-18
-4
-14
-27
-21
-34
-39
-41
-39
-35
-18
-34
-20
-10
-18
-12
-18
-23
-14
0
3
1
-2
-6
-17
-16
2
-9
-18
-11
-4
-14
-5
-9
-10
3
9
-3
2
8
-5
5
14
16
-4
-1
21
9
-2
2
8
-6
-6
-14
0
3
-7
-7
-22
-21
-25
-20
-25
-22
3
3
-5
-10
-8
3
-3
-1
-5
-17
-16
2
2
6
15
3
1
-2
-1
-3
10
19
14
18
9
29
55
45
15
22
17
18
23
17
8
5
6
-2
-2
4
-13
-10
-16
-25
-20
-25
-14
-11
-8
-18
-18
-22
-5
-5
-9
-22
-3
15
-11
-16
-33
-25
-12
-19
-20
-23
-38
-35
-24
-35
-24
-21
-31
-19
-16
-3
-14
7
12
19
18
16
33
29
46
46
43
29
41
46
49
36
35
28
34
22
-2
12
9
20
23
7
14
12
2
16
15
9
-4
-2
8
2
17
8
17
24
17
17
17
13
18
15
8
13
12
21
15
11
16
3
-4
5
14
17
18
7
-3
1
-1
1
-3
-4
1
2
-4
-9
1
-2
7
-1
4
6
3
17
8
9
6
9
19
29
23
25
29
18
11
27
34
44
35
38
44
31
41
32
27
26
29
59
19
35
19
23
25
11
18
-19
-6
16
15
-22
-23
-14
-19
-11
-5
9
28
-16
10
7
73
46
-3
27
53
43
19
15
46
51
40
30
23
33
46
15
-14
-7
17
16
-11
11
10
-13
-5
0
13
24
32
18
9
26
32
9
-3
21
4
-19
-6
4
-2
-7
-2
13
-15
0
-31
-63
-13
22
24
-57
-43
-22
-10
39
55
22
9
32
55
30
47
67
76
65
63
54
54
88
105
75
3
37
69
58
58
57
38
43
31
42
20
35
45
2
-10
3
22
33
34
24
2
-3
8
9
4
-9
-3
-14
-7
-1
15
32
37
29
4
-6
18
22
16
12
6
7
14
25
37
49
63
50
23
10
22
24
26
25
32
28
37
50
51
54
58
41
33
26
21
32
32
41
33
11
14
22
28
19
5
4
-14
-18
-16
-13
-28
-7
-15
-9
-10
10
-13
-67
6
13
39
-58
-77
-16
16
-3
-26
-54
-9
10
23
-2
36
57
52
11
54
49
28
75
88
109
18
31
73
96
92
85
71
86
88
75
53
69
110
94
21
34
70
53
45
26
29
16
10
6
-12
-12
0
-10
-41
-22
-7
-9
-22
-7
-8
-37
-21
9
5
3
6
3
25
36
49
38
50
59
38
33
35
48
56
57
44
45
34
46
69
70
78
73
50
49
40
35
37
42
31
16
18
21
18
25
19
18
-3
-6
18
-40
9
24
27
-38
-87
-14
-17
-18
-54
-90
-65
-38
-33
-58
-36
-16
-10
-48
-8
16
44
5
-24
44
86
129
41
37
108
138
113
71
87
110
105
75
50
72
93
100
28
33
56
47
4
-1
20
12
-9
-10
-21
-46
-25
-19
-46
-49
-26
-55
-62
-25
-28
-65
-58
-28
-34
-39
-15
-4
-10
-4
15
22
9
29
16
0
15
30
33
26
35
45
25
35
64
43
43
46
38
18
49
49
40
33
58
19
26
-6
-40
7
15
36
-90
-82
-8
27
3
-61
-72
-54
-36
-46
-80
-52
9
-3
-47
-55
-7
66
62
42
18
38
58
91
91
141
99
47
74
114
125
120
115
127
102
105
98
107
117
120
57
39
68
86
56
39
70
30
-9
17
10
-1
-4
-21
-61
-75
-41
-29
-44
-54
-38
-76
-83
-35
-24
-24
-15
-14
-34
-37
1
13
7
25
12
1
14
50
60
47
57
61
42
57
71
63
48
71
53
31
34
69
26
5
38
14
22
-46
-32
-8
27
-8
-89
-83
-47
-36
-71
-93
-54
-52
-60
-45
-26
61
24
58
-89
-24
108
150
150
-46
55
147
154
117
87
138
159
124
76
80
159
185
123
6
60
99
99
73
75
64
21
26
29
29
39
51
1
-44
-12
2
0
12
44
-11
-68
-18
-14
-38
-36
-31
-37
-67
-42
-17
-24
3
20
-41
-42
5
22
17
27
47
33
16
47
67
60
73
73
49
53
81
90
81
89
86
47
60
89
88
80
53
41
11
21
-8
-13
11
17
-7
-111
-133
-88
-63
-65
-131
-155
-146
-98
-125
-107
-62
-49
-91
-106
-13
33
71
35
61
-2
12
133
219
216
106
91
170
210
206
170
212
233
198
128
126
210
251
187
71
80
126
116
93
85
73
45
7
-33
-23
16
17
-56
-103
-91
-83
-68
-57
-56
-84
-124
-117
-96
-77
-61
-54
-67
-95
-86
-41
-9
28
17
-8
-6
29
45
49
58
75
65
55
74
107
114
133
99
86
66
52
96
68
75
4
-43
-63
-66
-44
-43
-74
-113
-126
-101
-83
-88
-59
-40
-59
-38
-32
31
63
103
66
49
124
179
244
64
181
234
287
196
76
208
265
254
168
137
212
230
184
103
144
173
158
55
35
91
72
47
-7
4
14
1
-41
-68
-72
-76
-86
-128
-120
-116
-119
-133
-125
-114
-147
-130
-101
-108
-136
-125
-142
-129
-164
-119
-123
-154
-172
-194
-165
-154
-149
-167
-162
-196
-183
-169
-91
-47
-58
-76
-35
35
63
177
177
291
205
410
39
205
474
599
561
-19
287
540
531
374
254
392
413
284
131
206
358
399
133
-129
95
187
178
-24
-10
24
-90
-154
-141
-107
-87
-112
-274
-359
-253
-184
-203
-277
-265
-319
-359
-258
-181
-181
-212
-167
-196
-217
-144
-40
-21
-40
-59
-93
-50
47
125
91
62
110
83
79
164
225
236
170
134
137
138
193
195
147
32
-66
-67
-21
14
-67
-196
-248
-236
-244
-300
-307
-278
-307
-392
-467
-376
-264
-237
-287
-317
-217
-162
-43
-32
167
101
93
9
103
540
428
380
158
334
531
459
420
471
540
491
352
311
440
538
437
280
142
277
257
210
154
140
119
1
-64
-55
-15
-27
-90
-207
-284
-233
-199
-215
-223
-273
-328
-339
-310
-255
-236
-228
-246
-281
-293
-224
-138
-96
-103
-127
-142
-77
-13
42
62
82
71
63
82
170
193
213
186
62
145
83
227
152
66
62
-32
-3
-55
-84
-57
-147
-250
-281
-293
-246
-244
-353
-335
-390
-357
-303
-295
-207
-217
-191
-165
-88
34
225
249
162
24
73
562
618
469
191
352
649
561
419
473
634
630
403
286
431
605
541
316
125
281
354
228
104
128
161
31
-101
-127
-66
-104
-108
-248
-338
-337
-307
-246
-306
-371
-415
-426
-384
-356
-364
-343
-309
-347
-384
-343
-192
-92
-135
-174
-172
-95
-30
24
49
90
114
99
98
160
273
282
164
90
116
136
180
87
32
-15
-55
-64
-152
-191
-138
-183
-283
-424
-429
-309
-328
-404
-449
-455
-326
-298
-342
-270
-207
-103
-44
-55
57
277
300
242
174
168
703
685
591
324
407
779
706
491
527
655
696
491
339
478
618
539
364
129
260
335
231
96
34
79
-17
-152
-207
-151
-154
-237
-334
-434
-417
-354
-368
-432
-479
-498
-486
-467
-454
-409
-385
-369
-355
-383
-309
-193
-134
-137
-163
-117
-33
22
77
119
125
164
147
181
238
314
325
236
153
167
203
162
122
20
12
-83
-164
-210
-245
-236
-349
-505
-521
-537
-488
-521
-575
-547
-580
-544
-491
-456
-293
-295
-257
-170
-76
183
196
307
426
460
420
348
659
964
898
599
474
844
996
811
690
782
884
759
516
546
692
707
472
200
203
320
298
137
5
-3
-62
-207
-305
-282
-253
-341
-494
-613
-609
-538
-511
-557
-632
-661
-647
-594
-542
-487
-469
-456
-461
-460
-389
-245
-145
-142
-172
-140
-39
47
121
159
190
198
210
211
128
205
282
229
106
-63
-27
57
-4
-132
-234
-288
-325
-416
-472
-448
-465
-504
-660
-661
-523
-475
-478
-521
-540
-414
-373
-175
-134
-61
22
209
271
402
473
503
775
532
614
768
966
1098
742
610
958
1047
946
729
720
918
760
490
507
522
609
372
136
95
132
114
-29
-185
-207
-203
-357
-475
-465
-475
-517
-636
-721
-716
-683
-651
-646
-716
-725
-676
-643
-583
-575
-524
-474
-439
-397
-330
-225
-124
-92
-97
-50
64
140
171
208
174
210
178
177
211
186
164
98
-27
-37
-60
-64
-137
-271
-345
-446
-465
-466
-517
-562
-616
-606
-643
-604
-556
-506
-447
-585
-394
-286
-161
-127
-143
67
249
255
352
524
647
805
710
824
981
853
991
1149
1163
1101
760
1002
1201
1086
853
795
845
863
551
484
551
541
353
66
-16
64
27
-136
-342
-360
-407
-488
-629
-639
-611
-683
-782
-870
-852
-779
-768
-810
-841
-831
-773
-703
-644
-567
-523
-467
-412
-373
-302
-149
-81
-13
-48
-12
71
134
184
143
163
121
128
123
116
113
92
1
-80
-143
-165
-181
-280
-354
-462
-528
-494
-582
-545
-641
-602
-620
-654
-506
-580
-412
-391
-449
-243
-306
-129
40
30
106
282
232
416
492
571
1105
794
837
859
740
1009
1293
1186
1294
628
815
1308
1183
822
776
879
866
579
318
644
660
234
66
-103
-30
70
-220
-324
-361
-547
-537
-718
-663
-527
-794
-838
-946
-946
-802
-775
-760
-790
-901
-813
-686
-637
-526
-501
-524
-444
-425
-349
-213
-154
-99
-159
-174
-80
-5
-25
19
-25
-40
-99
-99
-27
-49
-88
-188
-308
-306
-295
-300
-358
-416
-529
-544
-575
-504
-489
-543
-595
-576
-507
-432
-384
-291
-278
-213
-122
-58
130
220
342
433
463
612
807
1016
1073
1095
1160
1166
1326
1255
1236
1426
1418
1425
1129
980
1312
1352
1061
847
789
919
719
423
419
424
294
24
-203
-156
-143
-263
-517
-652
-682
-683
-768
-855
-863
-902
-960
-1026
-1021
-940
-890
-869
-902
-928
-839
-695
-602
-578
-521
-483
-403
-351
-266
-184
-160
-121
-76
-52
-1
41
71
101
56
39
46
59
80
44
-18
-65
-88
-128
-125
-196
-227
-333
-386
-385
-449
-432
-496
-503
-503
-526
-496
-462
-428
-413
-359
-368
-274
-111
-153
-22
34
40
221
305
403
491
538
642
768
889
984
1142
1112
1106
1156
1347
1359
1177
1327
1244
1427
1192
879
1159
1148
1071
839
520
630
716
488
333
7
138
158
-152
-342
-333
-260
-395
-701
-788
-641
-607
-798
-907
-946
-798
-808
-898
-883
-797
-719
-777
-851
-732
-560
-490
-529
-559
-462
-334
-269
-286
-247
-187
-138
-160
-163
-67
-13
-40
-85
-114
-37
-1
-56
-90
-131
-106
-137
-161
-196
-210
-182
-236
-322
-327
-222
-268
-296
-303
-288
-221
-151
-228
-108
-44
-59
25
5
126
278
178
286
364
411
582
521
724
735
752
918
931
1191
1145
1083
1298
1114
1020
1102
1309
1538
1169
702
952
1177
1108
740
526
720
722
319
116
294
359
175
-251
-356
-124
-185
-294
-561
-608
-529
-668
-773
-725
-667
-670
-819
-899
-860
-669
-637
-669
-802
-764
-634
-615
-518
-529
-463
-442
-463
-417
-306
-255
-221
-279
-280
-217
-164
-131
-179
-168
-182
-218
-223
-260
-161
-161
-266
-363
-365
-287
-283
-357
-377
-403
-442
-428
-371
-383
-375
-380
-370
-382
-270
-197
-165
-159
-159
-2
74
132
191
275
336
423
497
565
675
755
850
840
947
1154
1159
1196
1036
1208
1111
1275
1328
1166
1111
960
1079
1148
931
877
820
656
624
395
396
423
212
41
-118
-94
-137
-257
-342
-441
-493
-629
-613
-690
-652
-683
-801
-806
-823
-755
-718
-716
-723
-786
-699
-648
-567
-551
-572
-485
-501
-467
-414
-358
-307
-291
-358
-343
-249
-220
-231
-271
-246
-232
-233
-282
-288
-229
-212
-251
-335
-303
-260
-238
-296
-337
-332
-282
-278
-304
-188
-267
-135
-224
-238
-11
-59
6
-61
20
147
179
191
290
328
448
499
448
631
679
737
735
859
833
990
923
1157
801
771
1004
1170
1258
591
541
1092
978
662
412
510
869
330
-22
168
321
213
-262
-434
-180
-146
-341
-578
-577
-522
-526
-804
-792
-647
-653
-722
-888
-818
-704
-623
-669
-743
-702
-655
-561
-610
-601
-492
-513
-492
-516
-462
-300
-321
-367
-417
-356
-251
-227
-289
-291
-270
-233
-266
-275
-248
-231
-253
-315
-315
-323
-290
-299
-401
-392
-330
-400
-367
-340
-322
-304
-317
-329
-284
-192
-127
-128
-142
-14
11
102
106
182
254
295
354
444
564
584
695
762
959
884
1031
979
837
944
1119
1306
1178
642
732
1093
1163
841
446
648
884
574
196
256
474
405
-76
-322
-52
62
-198
-415
-551
-409
-437
-662
-685
-577
-557
-690
-858
-805
-609
-586
-651
-764
-724
-650
-553
-600
-534
-489
-502
-455
-501
-375
-271
-250
-318
-331
-277
-148
-149
-173
-187
-175
-140
-170
-178
-85
-52
-144
-192
-253
-94
-130
-152
-251
-315
-161
-225
-216
-213
-259
-222
-243
-208
-172
-209
-54
-104
-130
-106
-34
193
132
25
174
285
350
433
388
694
690
686
896
861
987
1058
1118
1102
660
1064
1366
1434
921
455
1091
1452
888
487
547
1081
795
172
178
497
587
111
-281
-184
97
2
-415
-448
-395
-354
-522
-744
-581
-554
-585
-793
-883
-744
-619
-619
-769
-787
-747
-616
-610
-671
-618
-543
-527
-582
-583
-459
-351
-375
-472
-431
-334
-233
-288
-328
-289
-260
-237
-260
-301
-193
-218
-275
-381
-338
-227
-299
-340
-419
-417
-332
-394
-367
-436
-402
-323
-380
-425
-351
-274
-285
-283
-237
-237
-93
-83
-46
-43
100
249
234
319
228
576
561
698
568
761
882
1161
760
448
1063
1289
1426
637
316
1162
1378
768
446
477
1081
668
62
160
595
511
42
-390
-137
186
-108
-463
-433
-494
-375
-614
-748
-582
-583
-646
-821
-889
-721
-603
-666
-738
-801
-741
-527
-535
-583
-513
-466
-402
-452
-430
-252
-178
-229
-337
-303
-125
-76
-118
-236
-169
-85
-127
-209
-165
-88
-93
-259
-281
-237
-181
-203
-333
-322
-383
-327
-352
-365
-362
-368
-330
-301
-336
-317
-180
-175
-183
-105
-142
30
73
128
212
236
351
502
486
645
750
813
931
821
999
1112
1300
620
982
1258
1494
1247
371
798
1558
1138
703
347
936
1079
372
151
397
711
331
-170
-241
131
197
-269
-421
-397
-361
-362
-704
-596
-575
-562
-709
-801
-731
-622
-527
-645
-743
-712
-533
-382
-513
-529
-422
-319
-290
-364
-252
-147
-125
-165
-234
-142
-29
-74
-117
-157
-120
-72
-111
-163
-116
-100
-131
-238
-274
-214
-214
-261
-374
-428
-364
-347
-410
-463
-420
-404
-451
-451
-362
-405
-340
-291
-294
-212
-112
-12
95
-9
169
309
303
474
496
699
838
734
877
1098
1065
1565
609
688
1439
1446
1558
528
521
1531
1295
783
405
671
1213
494
-52
190
670
362
-157
-523
-176
101
-336
-563
-567
-594
-487
-864
-832
-697
-727
-802
-955
-928
-828
-677
-705
-778
-860
-814
-524
-480
-533
-554
-482
-318
-310
-347
-200
-63
-139
-223
-148
22
103
-50
-127
-14
24
-26
-96
-61
-35
-114
-215
-227
-191
-178
-256
-376
-402
-400
-431
-443
-479
-533
-494
-556
-474
-400
-412
-406
-350
-281
-205
-151
-37
35
136
175
270
441
509
615
669
737
929
875
1081
1155
1349
984
664
1398
1439
1606
849
556
1338
1453
909
632
641
1140
654
138
235
641
490
-12
-348
-199
69
-181
-481
-485
-585
-527
-737
-780
-637
-727
-753
-885
-829
-755
-626
-563
-636
-699
-721
-464
-344
-353
-359
-316
-191
-156
-107
1
99
152
23
15
145
273
295
126
74
135
198
154
96
86
32
-47
-104
-115
-119
-160
-261
-379
-456
-412
-394
-446
-488
-534
-552
-471
-469
-434
-391
-423
-283
-299
-239
-16
42
135
173
192
488
538
691
751
682
935
1050
1229
1257
1257
694
1225
1467
1597
1306
571
969
1589
1164
806
591
942
1008
329
191
517
641
279
-206
-331
5
-29
-352
-492
-530
-583
-612
-804
-671
-678
-762
-857
-916
-866
-769
-634
-630
-733
-801
-681
-403
-323
-430
-394
-320
-149
-93
-117
12
127
119
61
37
229
309
202
153
129
168
160
84
130
105
0
-87
-111
-113
-169
-241
-354
-413
-455
-490
-474
-510
-554
-627
-593
-560
-543
-500
-489
-463
-378
-295
-232
-47
6
44
188
240
463
577
642
708
853
943
1160
1148
1254
1168
805
1397
1463
1557
1052
585
1190
1527
1026
713
633
1019
806
250
200
551
501
3
-355
-314
-62
-178
-499
-570
-667
-688
-745
-861
-751
-838
-936
-983
-973
-931
-858
-761
-754
-854
-923
-723
-446
-420
-502
-552
-423
-172
-140
-166
-34
44
85
24
32
253
299
178
119
115
179
229
82
129
57
-67
-113
-166
-179
-205
-383
-443
-497
-543
-590
-604
-645
-708
-773
-775
-682
-666
-694
-695
-573
-470
-440
-412
-248
-104
-8
13
107
339
509
534
586
691
897
1086
1091
1034
1222
809
1172
1403
1403
1260
619
875
1438
1193
796
571
782
884
366
159
390
497
118
-259
-396
-163
-150
-447
-640
-685
-773
-759
-900
-805
-812
-983
-1036
-1018
-917
-884
-798
-767
-774
-880
-742
-519
-356
-351
-488
-387
-251
-116
2
-38
25
122
97
127
204
301
228
194
163
190
150
190
164
174
8
-174
-91
-69
-164
-288
-418
-453
-477
-550
-603
-603
-633
-733
-793
-722
-666
-653
-654
-654
-613
-486
-425
-330
-225
-220
-111
75
152
327
400
487
609
674
850
1005
1029
1049
1161
721
1212
1361
1441
1167
591
902
1405
1084
741
574
762
784
329
180
417
406
60
-265
-365
-158
-203
-429
-586
-665
-749
-730
-822
-741
-793
-986
-983
-931
-860
-853
-803
-716
-728
-811
-748
-487
-360
-399
-455
-331
-187
-78
-46
-19
143
183
103
146
258
377
341
195
201
275
276
268
148
138
72
0
-32
-92
-111
-206
-348
-404
-474
-506
-547
-617
-709
-727
-796
-733
-690
-738
-731
-685
-607
-552
-543
-497
-294
-205
-217
-90
9
221
369
403
442
538
671
895
907
1001
959
1234
891
980
1338
1391
1340
720
714
1254
1272
861
636
633
823
527
252
325
460
189
-90
-340
-215
-171
-323
-529
-619
-716
-753
-746
-733
-722
-946
-979
-902
-849
-852
-824
-755
-710
-816
-742
-571
-407
-334
-428
-444
-290
-65
20
3
-16
132
203
158
258
369
404
323
288
282
253
360
328
258
117
0
29
102
-47
-210
-281
-357
-392
-456
-549
-545
-593
-680
-800
-780
-685
-685
-740
-787
-720
-625
-573
-542
-422
-389
-309
-231
-134
26
120
198
324
325
514
687
785
902
953
949
1201
884
880
1360
1340
1357
742
665
1214
1355
902
628
580
770
629
301
296
406
181
-42
-299
-199
-102
-273
-454
-584
-666
-689
-645
-659
-651
-861
-977
-850
-775
-753
-798
-751
-717
-737
-761
-588
-396
-420
-410
-443
-292
-101
-83
15
62
50
76
133
292
393
303
234
331
364
402
238
287
351
210
122
-30
60
130
-23
-228
-292
-276
-317
-397
-487
-517
-594
-679
-699
-696
-639
-749
-749
-733
-708
-659
-582
-508
-498
-479
-391
-201
-124
-86
-23
126
270
357
376
501
627
814
836
907
936
1102
864
852
1254
1252
1255
719
724
1155
1231
842
640
648
792
601
362
355
480
243
49
-142
-71
-27
-207
-372
-505
-559
-596
-589
-599
-627
-806
-897
-760
-708
-732
-802
-753
-713
-718
-692
-555
-419
-380
-465
-480
-273
-117
-72
-123
-99
69
141
56
202
264
278
260
214
281
353
332
271
230
177
235
152
76
68
-33
-67
-188
-276
-225
-323
-428
-481
-559
-624
-630
-660
-665
-693
-748
-688
-666
-625
-595
-590
-530
-490
-405
-322
-241
-171
-92
-32
86
238
309
441
444
552
663
726
887
963
979
1089
694
1012
1225
1305
1136
664
807
1192
1175
831
680
728
756
587
393
431
505
226
54
-127
-33
-14
-191
-311
-431
-548
-575
-557
-550
-567
-797
-832
-716
-673
-667
-712
-649
-638
-649
-642
-524
-367
-368
-443
-468
-310
-107
-91
-138
-98
-41
43
83
82
164
199
169
185
213
237
270
264
196
202
134
105
127
77
0
-131
-170
-172
-247
-302
-369
-471
-506
-586
-633
-596
-631
-701
-729
-711
-650
-615
-617
-592
-576
-539
-481
-415
-343
-277
-251
-186
-36
38
126
174
299
410
449
484
624
775
872
855
978
819
745
1124
1122
1254
784
641
950
1165
981
706
591
718
668
533
396
470
394
180
19
-39
69
-3
-198
-277
-377
-442
-429
-445
-435
-562
-744
-645
-588
-559
-636
-688
-644
-619
-604
-554
-447
-346
-396
-419
-369
-194
-143
-146
-110
-92
-15
-42
85
173
170
82
116
217
235
223
173
226
234
212
131
153
193
135
10
-27
-24
-59
-126
-223
-232
-274
-341
-398
-398
-420
-477
-535
-539
-529
-537
-538
-528
-524
-513
-496
-459
-399
-369
-330
-280
-224
-135
-85
-1
68
153
181
250
357
504
573
553
696
724
892
865
938
728
871
1042
1088
1005
713
801
958
1004
790
687
640
718
601
506
437
421
323
184
121
103
80
2
-126
-166
-258
-303
-323
-340
-397
-514
-574
-486
-470
-490
-546
-541
-511
-514
-501
-474
-421
-382
-415
-389
-290
-208
-184
-210
-189
-149
-47
-74
-18
-6
0
54
69
92
105
167
147
177
141
147
184
184
139
43
29
86
54
-7
-65
-139
-142
-220
-238
-258
-287
-333
-380
-392
-386
-403
-426
-456
-447
-455
-451
-400
-399
-379
-362
-351
-278
-274
-240
-287
-267
-84
-62
47
116
103
280
348
473
573
558
702
752
822
830
869
688
964
976
958
803
621
790
835
782
507
511
430
459
388
311
275
238
87
59
64
0
23
-126
-198
-237
-361
-347
-344
-402
-521
-600
-615
-507
-535
-573
-622
-580
-528
-503
-459
-409
-311
-322
-330
-261
-174
-122
-155
-149
-107
-64
-32
23
5
62
64
92
129
157
174
191
221
164
225
211
196
181
123
65
63
61
-1
-26
-128
-124
-136
-154
-223
-254
-289
-334
-312
-351
-374
-402
-398
-442
-523
-571
-692
-589
-592
-591
-528
-491
-476
-404
-333
-186
-71
-107
26
57
139
222
291
341
413
487
537
602
650
759
833
868
767
781
1018
1005
1052
811
813
960
1011
871
682
633
589
596
499
368
271
173
46
95
32
-76
-127
-266
-275
-312
-375
-386
-390
-467
-553
-615
-539
-482
-507
-596
-611
-501
-460
-419
-360
-371
-331
-293
-227
-140
-85
-85
-85
-51
8
75
103
133
147
151
167
205
286
249
246
202
252
267
257
224
240
215
157
161
113
119
40
11
-38
-52
-57
-118
-145
-192
-204
-243
-281
-306
-307
-343
-365
-405
-421
-396
-414
-404
-421
-428
-416
-377
-334
-328
-316
-321
-253
-182
-148
-123
-89
-34
47
93
160
221
267
341
386
483
568
625
674
714
747
800
822
787
828
812
812
717
719
727
702
623
499
461
433
414
398
295
172
119
57
68
27
-125
-202
-292
-285
-307
-343
-385
-453
-490
-483
-476
-459
-436
-459
-473
-462
-405
-368
-325
-316
-332
-295
-267
-205
-173
-154
-166
-148
-117
-67
4
19
30
34
71
116
160
178
167
135
121
141
186
174
166
112
102
126
113
117
43
-4
-17
-12
-20
-45
-101
-144
-178
-175
-190
-220
-229
-316
-319
-307
-335
-320
-347
-372
-387
-375
-366
-362
-365
-381
-361
-339
-326
-319
-300
-299
-284
-253
-245
-195
-139
-109
-75
-52
-4
59
114
156
198
257
304
356
431
478
528
499
556
626
666
624
599
581
611
635
591
533
524
488
439
437
389
357
284
212
182
179
122
39
-7
-57
-83
-119
-149
-153
-187
-241
-259
-266
-243
-256
-268
-271
-249
-233
-217
-194
-168
-160
-168
-147
-101
-78
-73
-83
-82
-51
-49
-29
4
40
59
74
107
140
165
140
148
161
168
186
167
185
154
161
156
151
174
109
131
93
114
87
59
44
24
15
-4
-43
-52
-67
-112
-103
-134
-143
-160
-168
-198
-230
-210
-247
-255
-243
-244
-269
-270
-281
-266
-242
-221
-247
-240
-199
-185
-140
-148
-139
-106
-77
-24
19
71
56
82
111
158
198
214
234
260
273
303
335
363
410
400
433
460
491
518
500
516
496
508
513
492
477
412
375
353
354
331
283
224
181
143
134
93
72
38
-23
-59
-53
-66
-88
-128
-183
-205
-191
-188
-224
-242
-281
-279
-261
-242
-223
-234
-258
-265
-243
-222
-202
-219
-216
-241
-229
-235
-201
-194
-221
-228
-244
-203
-176
-154
-178
-186
-197
-184
-143
-96
-96
-90
-70
-41
25
46
60
63
75
115
162
221
243
268
273
306
366
413
460
499
487
477
547
572
593
546
508
463
466
472
422
397
330
282
290
296
272
247
139
100
106
99
114
66
-9
-79
-95
-85
-65
-93
-153
-213
-204
-174
-155
-139
-177
-179
-187
-157
-98
-90
-92
-90
-93
-77
-34
-22
-34
-34
-33
-24
0
26
34
37
25
32
54
79
99
103
80
79
93
98
123
119
101
84
88
101
96
92
88
74
73
85
70
56
37
16
7
11
10
-9
-40
-58
-53
-62
-78
-88
-86
-86
-80
-83
-79
-90
-108
-107
-107
-93
-96
-104
-109
-104
-99
-99
-79
-75
-77
-80
-88
-69
-42
-49
-61
-43
-37
-32
-7
-10
-6
12
11
15
23
28
18
12
17
19
20
12
28
31
48
57
53
51
49
49
45
46
39
42
21
23
31
34
33
14
21
29
27
17
28
35
17
18
16
19
12
10
8
-1
-3
-20
-13
-16
-29
-32
-35
-44
-56
-36
-50
-64
-71
-81
-71
-61
-59
-56
-68
-63
-57
-60
-47
-54
-51
-56
-46
-23
-14
1
-4
-7
-4
16
32
44
57
66
74
76
98
105
111
112
115
118
137
137
136
142
125
132
146
147
144
137
133
146
149
138
137
129
119
124
124
112
103
87
77
72
81
91
94
82
84
76
87
93
92
110
92
80
84
81
96
99
94
82
74
87
92
100
114
126
125
131
131
132
124
121
115
122
130
116
129
112
122
121
116
135
104
96
89
84
92
95
91
88
69
63
57
52
57
54
61
64
66
56
43
38
30
32
35
28
32
23
29
6
8
19
22
24
19
30
31
36
31
44
55
59
56
68
63
54
54
55
67
61
53
63
73
62
62
74
79
72
75
89
97
101
97
94
89
104
113
87
89
101
91
80
81
81
95
99
81
91
101
86
97
100
90
84
76
80
81
82
91
91
104
117
106
107
110
100
99
102
105
106
110
112
115
116
114
112
102
107
102
105
101
100
105
105
97
100
100
97
94
84
108
89
83
75
82
91
83
85
90
88
86
81
69
77
68
72
63
56
52
46
50
45
47
59
54
38
27
17
9
10
6
9
14
16
16
17
20
25
15
22
24
16
20
18
25
21
30
17
20
20
21
4
-17
-20
-22
-5
7
15
15
26
23
20
20
27
13
11
15
9
1
12
22
6
8
14
34
23
17
24
25
30
24
29
30
40
41
45
42
29
39
39
26
24
31
24
39
42
39
46
40
46
46
57
69
62
55
54
48
53
61
62
74
67
56
51
49
60
47
53
53
47
55
63
66
56
45
56
57
52
45
34
30
35
42
36
40
39
39
53
46
38
36
27
29
17
16
12
9
10
13
14
14
13
-2
2
24
31
27
21
21
42
42
30
32
29
34
44
53
44
51
47
38
44
39
47
43
52
39
42
42
35
39
26
