SAMPLES:	4670
BITSPERSAMPLE:	16
CHANNELS:	1
SAMPLERATE:	16000
NORMALIZED:	FALSE
-5
-7
-9
-3
0
7
12
14
14
24
39
50
63
75
80
76
96
116
124
112
109
135
152
163
145
123
136
184
163
121
112
102
118
114
101
72
55
70
81
58
32
13
11
5
1
-3
-32
-32
-44
-42
-46
-50
-49
-61
-65
-54
-47
-47
-40
-31
-35
-34
-29
-30
-26
-18
-25
-15
-19
-27
-6
-6
-17
-18
-11
-11
-48
-57
-33
0
-32
-60
-57
-72
-38
-39
-38
-51
-30
3
-3
-20
2
57
56
-57
-57
40
140
115
-30
-38
63
112
109
62
8
37
73
74
-1
-29
47
42
8
-1
-12
-43
-51
-8
-1
-39
-67
-72
-64
-63
-43
-64
-94
-81
-72
-63
-84
-91
-61
-48
-65
-90
-92
-87
-71
-44
-35
-33
-62
-34
-7
-21
-6
8
-2
-15
-5
-9
-10
-7
17
21
-14
-12
4
-5
-4
1
-21
-29
-84
-131
-85
-74
-33
-162
-235
-126
-136
-171
-202
-193
-168
-126
-142
-177
-194
-135
-65
-98
-69
-36
-76
-60
-30
-52
-37
57
110
19
-54
17
98
83
71
61
15
19
42
37
11
21
45
23
-20
-43
-41
-68
-69
-78
-119
-138
-186
-182
-155
-164
-183
-222
-239
-242
-245
-231
-217
-222
-214
-194
-214
-219
-162
-136
-117
-102
-104
-117
-127
-102
-56
-62
-52
-42
-50
-42
-36
-17
-3
-8
1
0
-38
-34
-15
-20
-15
-123
-173
-89
-73
-78
-280
-284
-175
-222
-230
-266
-292
-265
-199
-240
-276
-292
-229
-180
-232
-169
-139
-128
-93
-47
-36
-29
34
5
55
102
88
58
54
175
117
37
87
109
86
102
83
39
35
57
50
-26
-43
-13
-48
-90
-69
-89
-148
-125
-133
-174
-177
-183
-181
-215
-215
-195
-236
-250
-223
-239
-220
-205
-214
-253
-285
-310
-298
-240
-269
-247
-277
-182
-65
-159
-264
-291
-64
85
-24
-129
-118
-21
94
171
69
151
291
464
104
-175
177
539
714
147
-110
99
332
410
247
109
70
162
134
-6
-156
-10
168
20
-108
-190
-263
-269
-164
-114
-105
-204
-352
-483
-415
-263
-279
-496
-495
-375
-519
-531
-563
-514
-322
-296
-478
-622
-535
-307
-214
-248
-228
-305
-285
-105
-68
-43
58
168
170
216
319
412
486
684
883
643
435
361
771
1131
1035
651
316
548
834
821
533
384
447
491
353
104
11
109
233
123
-151
-343
-366
-258
-216
-221
-379
-534
-541
-506
-439
-455
-482
-469
-426
-468
-523
-511
-396
-207
-162
-228
-273
-246
-106
21
56
69
55
88
120
144
216
287
312
323
286
230
234
287
354
378
299
253
111
46
103
115
166
-73
-249
-341
-331
-257
-282
-429
-514
-486
-519
-574
-686
-646
-563
-577
-612
-711
-699
-557
-517
-461
-393
-343
-307
-243
-105
8
121
211
315
430
574
743
860
751
410
642
1150
1532
1042
318
610
1111
1209
934
629
557
720
755
498
187
191
470
378
37
-154
-237
-214
-83
-78
-334
-542
-578
-516
-463
-456
-503
-611
-563
-446
-526
-628
-476
-267
-202
-258
-325
-302
-124
66
140
90
59
196
252
299
381
444
504
518
522
501
494
547
621
560
483
415
357
264
162
210
155
79
-149
-336
-499
-434
-299
-465
-671
-948
-839
-698
-753
-765
-758
-805
-665
-575
-638
-502
-287
-110
-96
-28
171
282
488
732
869
829
783
680
873
1401
1575
1292
725
829
1268
1468
1326
943
771
892
1023
747
456
379
387
508
460
182
-367
-603
-145
167
-167
-671
-879
-784
-513
-523
-794
-943
-768
-607
-793
-990
-827
-556
-479
-456
-621
-720
-514
-215
-104
-143
-130
-93
-41
104
286
273
288
462
478
388
397
475
570
599
567
392
206
295
367
236
-42
-156
-118
-207
-473
-605
-661
-699
-685
-863
-1104
-1105
-914
-903
-982
-1059
-998
-911
-819
-712
-686
-566
-370
-242
-235
-36
238
368
600
718
829
948
961
1046
1154
1317
1460
1395
1341
1270
1208
1317
1267
1280
1215
1118
824
585
633
629
553
463
451
-83
-518
-430
-8
30
-464
-901
-1036
-803
-688
-876
-1032
-853
-859
-1071
-1133
-1056
-854
-695
-579
-688
-937
-765
-437
-289
-187
-128
-191
-164
-2
197
247
321
496
486
420
383
495
605
733
679
519
343
328
393
286
224
24
-121
-210
-381
-554
-590
-649
-703
-905
-1112
-1156
-1110
-1030
-1064
-1168
-1197
-1151
-1071
-935
-868
-753
-650
-489
-421
-262
-111
87
271
426
592
704
885
1074
1311
1476
1377
1384
1290
1584
1789
1424
1666
1591
1757
1352
962
1295
1517
1214
842
688
534
594
374
182
32
-19
-130
-448
-702
-647
-608
-842
-885
-1000
-1240
-1193
-1134
-1105
-1144
-1121
-1115
-1167
-1090
-900
-821
-853
-611
-567
-622
-502
-265
-148
-42
-10
62
144
197
415
400
442
515
435
400
427
493
424
283
290
206
-2
-135
-135
-215
-324
-507
-702
-825
-858
-897
-1005
-1066
-1130
-1154
-1238
-1203
-1092
-1044
-977
-945
-898
-744
-604
-431
-231
-77
36
163
372
494
753
1046
1140
1297
1387
1672
1715
1566
1568
1763
2106
2056
1870
1463
1496
1803
1760
1426
1184
1162
1096
880
567
464
381
338
128
-297
-500
-567
-520
-688
-864
-1033
-1279
-1226
-1227
-1243
-1353
-1351
-1301
-1315
-1362
-1332
-1247
-1084
-893
-945
-958
-863
-563
-385
-325
-250
-140
-28
83
207
272
371
476
561
473
452
500
607
636
460
274
227
264
186
28
-229
-317
-341
-491
-651
-881
-937
-968
-1060
-1191
-1291
-1359
-1287
-1189
-1260
-1266
-1210
-1068
-986
-838
-777
-644
-475
-330
-138
-34
175
348
469
643
885
1045
1190
1376
1602
1838
2026
1868
1644
1589
1995
2384
2252
1780
1355
1514
1816
1786
1380
1078
1071
1035
704
379
272
309
256
-137
-531
-763
-730
-667
-823
-1028
-1244
-1361
-1381
-1345
-1346
-1395
-1373
-1349
-1347
-1422
-1306
-1093
-917
-810
-869
-860
-673
-455
-266
-187
-140
47
59
87
174
288
469
481
368
295
337
399
412
309
219
133
37
-41
-149
-194
-242
-373
-498
-678
-787
-783
-805
-840
-947
-1073
-1055
-955
-918
-871
-845
-808
-682
-625
-549
-377
-166
-39
25
143
304
450
593
812
944
1047
1223
1365
1492
1673
1978
1949
1652
1341
1626
2336
2321
1723
1175
1377
1782
1737
1282
968
976
1082
764
307
131
233
300
-36
-386
-699
-791
-641
-658
-865
-1183
-1247
-1159
-1254
-1282
-1309
-1265
-1163
-1165
-1282
-1321
-1107
-807
-738
-854
-859
-688
-476
-319
-255
-295
-169
-40
25
-17
43
180
274
215
43
-11
89
235
132
-77
-188
-167
-147
-250
-421
-468
-502
-561
-679
-836
-793
-767
-779
-876
-924
-936
-857
-775
-732
-626
-652
-558
-459
-288
-72
-81
-10
207
314
521
539
676
974
1050
1193
1223
1454
1704
1882
1560
1146
1473
2011
2324
1745
994
1237
1748
1755
1335
844
950
1147
891
399
96
271
417
151
-408
-683
-607
-587
-541
-785
-1139
-1159
-1116
-1094
-1201
-1316
-1179
-1098
-1176
-1234
-1361
-1232
-839
-749
-909
-955
-828
-542
-367
-322
-259
-335
-348
-267
-354
-398
-264
-210
-271
-410
-394
-394
-327
-244
-317
-414
-465
-352
-276
-276
-259
-324
-422
-492
-561
-628
-605
-551
-577
-644
-630
-519
-567
-570
-597
-669
-689
-575
-454
-278
-135
17
257
368
563
716
973
1255
1229
1377
1517
1791
1996
2008
1489
1285
1762
2266
2314
1244
833
1465
1835
1694
1028
798
1263
1237
901
284
215
633
540
56
-499
-519
-379
-425
-508
-854
-1042
-1001
-875
-963
-1119
-1027
-960
-910
-1015
-1143
-1092
-783
-471
-645
-1005
-845
-466
-304
-428
-501
-354
-190
-180
-322
-336
-115
131
17
-284
-345
-100
87
-25
-188
-326
-276
-162
-188
-350
-390
-255
-275
-379
-479
-429
-305
-299
-254
-368
-397
-206
-97
-26
-46
-40
87
213
233
294
390
597
592
686
814
895
1050
1180
1198
1272
1400
1551
1817
1989
1226
961
1547
2187
2465
1072
421
1420
1883
1601
708
500
1144
1130
567
-71
163
414
406
-153
-737
-508
-417
-426
-534
-876
-976
-941
-803
-970
-999
-998
-852
-783
-1042
-1073
-1100
-696
-399
-661
-1086
-951
-444
-305
-483
-598
-511
-350
-309
-316
-337
-215
-95
-209
-338
-274
-139
-63
-108
-204
-247
-227
-147
-117
-196
-227
-241
-239
-211
-343
-310
-241
-129
-271
-447
-284
-164
-235
-188
-249
-368
-126
-24
-151
-105
-181
147
420
243
430
539
1063
1238
943
1333
1632
2004
1650
754
1349
1957
2597
1797
377
1009
1822
1870
1163
482
962
1242
891
128
59
451
526
220
-475
-597
-423
-382
-351
-718
-1058
-1039
-926
-1011
-1139
-1140
-1120
-960
-1247
-1369
-1295
-1029
-684
-991
-1298
-1150
-830
-695
-805
-815
-690
-594
-694
-701
-611
-467
-317
-483
-647
-585
-410
-276
-357
-480
-480
-449
-496
-445
-345
-424
-378
-446
-489
-511
-459
-372
-322
-336
-446
-440
-216
-236
-293
13
-187
-137
118
98
140
337
450
486
556
716
792
1071
1128
1343
1434
1346
1786
1565
854
1307
1786
2392
1785
382
886
1759
1882
1239
446
918
1293
892
317
181
597
769
276
-457
-370
-196
-206
-149
-590
-886
-875
-827
-797
-986
-995
-929
-980
-1158
-1277
-1192
-934
-590
-877
-1360
-1133
-752
-624
-731
-845
-676
-551
-647
-628
-562
-308
-164
-429
-650
-416
-198
-160
-236
-368
-348
-274
-295
-295
-229
-178
-244
-294
-370
-312
-284
-276
-101
-260
-364
-193
-197
-69
149
-74
20
207
166
227
452
618
557
740
762
885
1151
1493
1335
1557
2031
2028
2215
1180
1329
2514
2779
2640
1076
871
2252
2390
2042
918
988
1652
1405
735
128
718
932
538
-210
-692
-238
-271
-246
-581
-1149
-1074
-1075
-939
-1255
-1353
-1251
-1239
-1370
-1738
-1590
-1376
-1041
-1074
-1717
-1662
-1237
-887
-976
-1269
-1141
-895
-822
-1021
-984
-750
-488
-503
-950
-992
-674
-385
-365
-739
-824
-727
-516
-542
-655
-606
-634
-568
-648
-682
-604
-534
-349
-517
-677
-455
-343
-307
-101
-302
-106
115
-82
145
244
204
565
591
559
711
1115
1112
1259
1377
1447
1950
1890
1530
1062
1534
2286
2731
1835
498
1143
2129
2113
1448
413
1031
1443
1050
180
-23
723
780
220
-690
-731
-193
-214
-438
-937
-1206
-1010
-936
-981
-1227
-1089
-1040
-1035
-1338
-1448
-1281
-962
-694
-1065
-1556
-1389
-913
-634
-938
-1193
-1012
-744
-745
-901
-919
-670
-370
-607
-893
-845
-592
-326
-450
-691
-744
-696
-472
-450
-555
-617
-581
-495
-594
-750
-542
-423
-387
-515
-636
-326
-295
-180
-184
-237
-80
61
29
47
231
611
560
531
619
746
1188
1311
1243
1264
1595
1840
2000
873
902
1881
2563
2436
488
270
1788
2225
1626
421
456
1289
1168
314
-167
354
562
383
-531
-837
-433
-390
-287
-564
-1022
-1085
-952
-759
-910
-1061
-1089
-912
-946
-1334
-1299
-1223
-766
-585
-1225
-1490
-1205
-648
-437
-784
-1021
-792
-494
-527
-488
-495
-224
-31
-269
-249
-104
235
504
351
262
279
317
466
570
449
325
336
367
377
293
438
448
341
387
305
155
362
502
341
246
220
433
430
405
490
580
531
557
814
867
955
1084
1184
1389
1424
1620
1568
655
1269
2036
2513
1792
135
795
2183
2071
1141
293
998
1497
961
-106
61
890
655
23
-872
-637
-180
-350
-571
-928
-1139
-1097
-1058
-1057
-1251
-1098
-1188
-1086
-1359
-1460
-1287
-1052
-711
-976
-1273
-1153
-610
-304
-450
-430
-392
-255
-255
-284
-115
-31
86
-158
-384
-214
5
-9
-95
-244
-325
-297
-199
-231
-186
-271
-319
-355
-428
-429
-339
-333
-355
-472
-379
-299
-348
-292
-126
-121
-189
-157
-49
60
128
271
323
371
583
831
984
1012
1269
1517
1796
1762
1807
1165
1099
2328
2470
2247
847
341
1750
2159
1345
588
281
1128
926
157
-403
204
469
-8
-837
-1217
-728
-609
-870
-1109
-1587
-1648
-1557
-1542
-1631
-1752
-1650
-1772
-1781
-1988
-1791
-1552
-1194
-1172
-1618
-1641
-1134
-686
-621
-823
-760
-489
-224
-331
-189
104
312
302
-43
-157
174
360
275
-47
-331
-301
-162
-187
-245
-411
-511
-492
-655
-718
-690
-591
-342
-420
-464
-368
-255
176
14
-111
-169
-194
12
51
177
386
294
533
744
930
952
1299
1381
1627
1674
1884
2091
1903
1508
1256
2282
2422
2279
1207
634
1771
2147
1414
825
416
1205
860
143
-297
174
357
-154
-740
-1184
-824
-644
-909
-1105
-1514
-1520
-1484
-1519
-1430
-1626
-1510
-1618
-1614
-1762
-1645
-1466
-1166
-1186
-1452
-1546
-1263
-846
-695
-938
-842
-747
-520
-487
-512
-306
-202
-176
-329
-422
-166
-124
-104
-143
-267
-248
-340
-366
-288
-306
-485
-552
-649
-680
-598
-670
-671
-693
-821
-828
-835
-618
-477
-563
-552
-435
-280
-136
47
1
261
434
399
773
791
1140
1282
1313
1747
1559
1516
1147
1587
2344
2164
1861
923
1101
2140
1855
1381
805
974
1340
735
226
201
608
384
-141
-645
-733
-419
-570
-733
-960
-1312
-1381
-1427
-1250
-1341
-1420
-1456
-1494
-1499
-1586
-1435
-1258
-1065
-1079
-1261
-1253
-895
-649
-470
-464
-571
-428
-319
-156
118
23
103
163
19
68
173
302
312
139
-82
-128
3
104
-5
-235
-355
-329
-394
-461
-454
-483
-483
-575
-735
-596
-464
-356
-350
-474
-341
-199
-8
169
179
277
433
619
820
980
1132
1333
1502
1619
1540
1757
1837
1519
1766
1814
2253
2152
1072
1176
1882
2004
1601
697
813
1304
990
299
162
424
353
-51
-728
-697
-444
-658
-810
-1103
-1354
-1359
-1386
-1333
-1421
-1496
-1558
-1534
-1574
-1474
-1439
-1370
-1122
-1117
-1235
-1147
-944
-673
-585
-575
-467
-461
-391
-145
-45
62
72
-28
42
187
214
203
158
161
134
-20
-78
23
-15
-176
-295
-418
-397
-406
-497
-546
-572
-630
-670
-695
-562
-397
-476
-451
-403
-225
-52
5
139
423
462
606
862
1029
1350
1491
1545
1700
1679
1979
2053
1652
1830
2093
2528
2157
1234
1466
2187
2211
1511
890
1109
1413
1048
408
394
537
380
-13
-543
-480
-399
-574
-722
-1027
-1247
-1277
-1228
-1212
-1305
-1436
-1477
-1432
-1416
-1396
-1411
-1285
-1101
-1103
-1183
-1109
-785
-568
-622
-570
-452
-257
-248
-200
15
99
234
96
16
208
339
343
200
103
108
73
90
-1
-77
-169
-276
-332
-390
-467
-550
-564
-566
-645
-764
-732
-573
-429
-537
-576
-470
-217
-32
-30
129
282
474
667
841
1024
1299
1388
1458
1458
1695
1978
1606
1456
1766
2350
2202
1295
1073
1812
2117
1573
837
879
1321
1163
420
251
578
452
-2
-460
-456
-385
-598
-758
-880
-1130
-1240
-1290
-1225
-1247
-1323
-1542
-1530
-1391
-1324
-1396
-1483
-1190
-1046
-1198
-1188
-1040
-668
-482
-673
-714
-499
-192
-61
-199
-176
82
189
143
103
116
288
325
207
113
10
48
73
-28
-153
-301
-411
-410
-458
-547
-637
-696
-732
-799
-849
-826
-677
-696
-705
-698
-596
-424
-268
-190
-116
143
294
426
606
873
1132
1240
1155
1289
1585
1978
1620
1233
1485
2097
2269
1510
905
1451
1978
1638
979
753
1141
1113
568
156
356
401
89
-373
-550
-509
-612
-837
-893
-1074
-1263
-1373
-1369
-1299
-1396
-1557
-1616
-1511
-1401
-1457
-1492
-1362
-1129
-1131
-1242
-1109
-862
-627
-590
-659
-565
-339
-172
-72
-87
-5
-20
162
220
262
186
180
246
260
132
26
85
62
-42
-221
-353
-356
-310
-526
-701
-735
-716
-755
-823
-882
-854
-795
-750
-716
-670
-602
-442
-332
-221
-81
116
286
429
579
815
1135
1161
1138
1376
1625
1916
1595
1256
1648
2169
2215
1689
1176
1570
2072
1780
1250
1076
1323
1297
851
473
662
704
397
25
-212
-254
-267
-454
-566
-757
-971
-1064
-1066
-1014
-1081
-1250
-1305
-1210
-1173
-1211
-1199
-1020
-948
-998
-1029
-862
-625
-492
-468
-428
-278
-171
-87
82
140
226
285
276
369
296
442
502
489
368
184
213
342
252
100
-47
-168
-168
-326
-399
-457
-499
-661
-858
-864
-756
-749
-829
-876
-861
-727
-688
-664
-546
-426
-253
-156
-139
103
329
605
751
836
935
1097
1303
1518
1706
1609
1380
1390
1845
2121
1870
1355
1310
1692
1776
1360
1038
1122
1209
884
448
386
529
440
32
-309
-412
-402
-509
-660
-822
-954
-1126
-1226
-1185
-1169
-1245
-1336
-1352
-1312
-1288
-1273
-1127
-985
-955
-1099
-1012
-670
-448
-438
-507
-384
-125
-50
-17
65
284
360
321
338
367
574
629
543
488
398
348
441
420
326
129
-26
-7
9
-141
-317
-390
-431
-530
-666
-698
-672
-633
-775
-855
-785
-647
-593
-615
-584
-428
-302
-230
-40
-36
272
376
470
625
902
999
1069
1191
1425
1701
1553
1285
1384
1819
2008
1829
1350
1254
1594
1752
1418
1134
982
1052
929
577
468
515
387
94
-218
-379
-354
-423
-571
-760
-976
-1111
-1090
-1072
-1078
-1211
-1315
-1276
-1236
-1188
-1143
-1083
-973
-940
-968
-902
-757
-457
-380
-434
-390
-240
40
162
140
183
318
360
353
473
516
543
488
451
435
472
358
313
327
211
28
-115
-97
-77
-201
-473
-548
-555
-586
-689
-769
-783
-770
-845
-865
-835
-691
-634
-642
-597
-500
-359
-211
-55
-12
184
211
435
692
858
905
959
1138
1366
1549
1509
1432
1346
1562
1804
1756
1528
1275
1327
1543
1450
1136
972
915
918
692
462
376
362
168
-73
-263
-387
-376
-500
-658
-843
-985
-1019
-966
-1033
-1096
-1201
-1194
-1153
-1132
-1120
-1060
-987
-923
-900
-897
-697
-527
-505
-456
-282
-214
-136
-138
-22
268
170
192
169
292
422
444
308
322
409
320
304
262
198
191
92
-51
-92
-199
-252
-304
-413
-592
-635
-686
-685
-721
-827
-887
-859
-791
-830
-798
-750
-636
-619
-566
-517
-326
-152
-20
-4
98
310
542
675
721
855
929
1115
1198
1382
1398
1324
1254
1340
1597
1570
1382
1162
1189
1294
1276
1016
892
867
783
589
398
359
327
172
-106
-233
-327
-318
-440
-546
-684
-796
-864
-858
-861
-895
-964
-1017
-985
-929
-921
-876
-842
-793
-753
-728
-613
-446
-371
-307
-326
-260
-85
103
112
78
86
208
370
388
339
365
319
376
419
368
325
224
234
211
154
18
-50
-69
-160
-331
-399
-397
-372
-544
-702
-720
-693
-673
-759
-804
-772
-729
-708
-664
-596
-494
-453
-434
-293
-209
-72
-5
134
244
345
440
608
754
889
865
962
1142
1204
1364
1195
1249
1213
1364
1404
1274
1185
1091
1137
1126
1018
853
822
724
678
521
397
331
280
169
-14
-124
-131
-159
-292
-382
-496
-525
-551
-584
-587
-663
-661
-675
-616
-597
-588
-578
-524
-462
-423
-382
-294
-197
-147
-122
-66
60
86
108
163
277
294
293
246
329
476
412
344
341
353
324
303
241
255
168
44
4
-16
-21
-175
-268
-348
-348
-410
-514
-531
-558
-594
-611
-648
-645
-563
-628
-581
-575
-485
-441
-371
-238
-252
-208
-118
1
74
160
196
338
397
513
601
697
824
826
815
928
1092
1226
1058
1029
1021
1190
1218
1167
1076
880
942
1053
1021
757
716
723
620
522
467
385
309
210
116
-30
-16
-63
-128
-289
-375
-331
-369
-411
-435
-487
-506
-535
-461
-521
-507
-487
-490
-445
-441
-390
-345
-263
-225
-216
-169
-106
-41
-15
-66
-37
30
103
99
66
110
265
240
172
189
276
250
254
235
155
172
50
25
19
-1
-135
-222
-271
-302
-361
-447
-479
-458
-489
-593
-564
-498
-447
-481
-496
-455
-400
-433
-384
-334
-310
-291
-325
-239
-167
-111
-70
-74
13
130
263
291
375
527
647
590
602
840
865
868
881
942
864
898
1050
992
974
767
771
849
861
691
573
518
443
380
357
227
184
144
-88
-132
-132
-168
-251
-357
-468
-471
-532
-550
-551
-604
-674
-705
-620
-588
-591
-579
-601
-537
-497
-456
-383
-307
-309
-308
-311
-226
-183
-132
-219
-157
-145
-59
-24
-63
27
11
94
41
107
104
82
63
102
61
34
-38
-91
-61
-102
-203
-284
-271
-296
-346
-393
-447
-443
-411
-502
-538
-482
-513
-511
-552
-584
-581
-526
-509
-570
-539
-433
-433
-372
-354
-286
-162
-136
-136
-79
86
164
141
289
430
546
506
598
689
778
822
806
823
759
996
1029
980
767
816
905
898
856
736
654
576
552
528
453
329
277
136
72
21
-50
-83
-166
-290
-393
-419
-426
-419
-502
-578
-605
-582
-518
-500
-438
-470
-428
-402
-352
-219
-180
-232
-226
-193
-125
-87
-79
-49
-77
-67
-33
37
98
90
63
116
185
212
250
196
267
226
232
200
180
178
124
94
19
-21
-64
-80
-143
-181
-220
-233
-263
-281
-280
-316
-345
-360
-355
-372
-386
-430
-437
-421
-441
-374
-387
-422
-364
-318
-265
-254
-198
-125
-99
-89
-25
93
143
158
269
281
367
403
510
523
574
577
549
662
700
740
786
682
665
745
727
762
689
662
643
608
600
508
551
505
365
289
262
282
266
140
31
1
-29
-27
-89
-126
-174
-172
-197
-200
-134
-172
-198
-185
-186
-179
-139
-178
-132
-152
-185
-122
-124
-93
-88
-85
-81
-85
-60
-41
-20
-2
-15
-18
37
70
87
29
7
65
31
48
-18
-56
-20
-9
-48
-72
-71
-102
-42
-104
-139
-175
-146
-163
-172
-224
-341
-293
-279
-291
-365
-413
-460
-406
-392
-468
-506
-504
-498
-494
-449
-509
-467
-470
-485
-437
-367
-370
-390
-354
-354
-278
-234
-209
-173
-146
-143
-11
3
37
90
147
268
276
309
375
444
496
467
386
462
531
529
401
350
396
408
336
227
231
184
150
105
87
25
-33
-98
-138
-150
-171
-211
-301
-318
-293
-320
-393
-385
-354
-360
-431
-416
-335
-316
-373
-380
-322
-308
-300
-305
-286
-272
-245
-272
-247
-218
-175
-177
-180
-147
-94
-38
-64
-61
-21
15
15
59
52
53
67
42
102
63
18
36
38
55
12
-70
-10
24
-15
-63
-75
-55
-58
-65
-138
-139
-108
-145
-149
-167
-204
-174
-185
-200
-171
-189
-223
-247
-224
-200
-218
-224
-194
-180
-185
-189
-193
-112
-147
-151
-159
-154
-93
-136
-124
-107
-113
-126
-73
-63
-66
-22
-44
-62
-1
-15
25
67
-14
10
57
60
61
66
-3
-8
68
118
88
23
5
59
94
37
-5
-8
-43
-57
-22
-62
-98
-117
-146
-156
-169
-226
-236
-248
-287
-309
-312
-340
-373
-350
-378
-380
-384
-425
-421
-403
-434
-414
-410
-435
-511
-539
-541
-631
-435
-432
-418
-251
-291
-296
-171
-99
-25
17
-58
-76
14
52
54
120
94
140
162
180
260
288
290
324
369
342
389
435
477
423
403
413
419
451
365
300
264
205
165
170
148
79
2
-36
-25
-1
-14
-119
-174
-168
-158
-139
-169
-236
-255
-298
-309
-266
-261
-332
-383
-371
-332
-294
-322
-316
-321
-319
-319
-292
-243
-212
-206
-231
-190
-115
-59
-57
-66
-52
-2
28
70
86
71
110
123
146
186
192
174
199
215
212
218
250
248
252
271
253
292
329
316
310
319
287
297
296
279
293
282
239
228
191
167
171
114
67
57
45
21
6
11
-32
-55
-52
-74
-103
-126
-155
-184
-176
-201
-210
-180
-211
-225
-201
-209
-201
-170
-175
-195
-193
-181
-150
-116
-112
-95
-66
-59
-21
14
26
47
50
72
93
116
150
174
185
211
213
203
262
245
219
220
236
223
199
210
177
167
154
120
117
125
95
67
45
29
4
-16
-26
-60
-78
-100
-125
-132
-128
-129
-144
-149
-157
-156
-151
-169
-164
-148
-168
-150
-110
-91
-87
-82
-81
-61
-29
-33
-33
-8
-3
-2
3
26
36
70
80
83
100
118
139
142
168
176
184
188
174
166
174
169
175
179
161
165
161
174
179
152
140
116
108
98
76
62
46
36
19
7
-4
-5
-29
-49
-65
-68
-64
-82
-102
-121
-132
-136
-146
-125
-119
-117
-125
-113
-92
-84
-72
-68
-71
-85
-96
-107
-112
-133
-149
-175
-167
-196
-205
-225
-242
-236
-253
-239
-229
-220
-209
-195
-181
-193
-218
-236
-238
-225
-196
-173
-139
-111
-85
-50
-28
-14
-13
0
-7
-1
-21
-23
5
52
106
136
132
87
28
-66
-136
-167
-177
-177
-167
-184
-159
-122
-56
-25
-41
-41
-63
-49
-57
-46
-37
-14
-5
-20
-33
-97
-147
-218
-272
-303
-325
-310
-299
-295
-287
-275
-281
-303
-321
-342
-370
-370
-370
-373
-415
-463
-488
-542
-577
-591
-602
-569
-544
-489
-400
-286
-148
-57
3
31
31
30
26
8
1
-6
-9
-26
-20
-16
-13
13
17
19
13
18
25
26
8
-10
-27
-24
-28
-41
-46
-44
-31
-24
-3
11
39
60
83
115
128
146
144
153
144
135
127
114
115
107
115
110
98
98
90
53
38
40
43
32
29
44
39
53
60
63
64
56
39
40
61
54
43
32
24
21
11
32
22
26
33
14
24
41
15
40
31
13
39
15
23
36
37
64
78
101
90
108
103
107
126
117
109
109
109
103
118
118
141
141
138
136
146
157
151
161
157
155
157
146
161
165
175
187
192
180
167
156
151
117
113
101
93
102
73
65
61
38
16
9
1
7
0
-6
-11
-23
-22
-13
-15
-9
2
8
11
27
25
23
48
48
46
67
87
89
100
98
89
87
85
91
88
104
110
117
141
148
147
157
153
152
163
151
161
158
167
168
165
161
152
146
143
141
141
148
143
156
144
150
151
157
159
144
124
117
117
117
120
107
115
103
107
106
102
103
108
96
86
99
94
99
98
108
114
104
107
118
135
128
122
133
130
134
137
137
149
145
145
136
131
139
140
145
137
128
132
127
132
145
141
143
134
141
148
143
129
130
147
142
131
133
135
139
145
158
166
164
158
160
165
166
192
178
