SAMPLES:	6452
BITSPERSAMPLE:	16
CHANNELS:	1
SAMPLERATE:	16000
NORMALIZED:	FALSE
20
14
13
10
17
28
41
52
41
27
14
0
-22
-29
-43
-39
-22
-13
6
25
61
65
89
99
100
106
83
55
21
-14
-27
-48
-60
-45
-20
9
30
52
60
57
55
44
31
21
19
27
12
8
9
7
6
2
-22
-38
-55
-56
-60
-41
-19
-11
39
68
99
117
104
103
80
63
43
22
7
-8
-6
6
-6
7
12
14
20
18
20
24
20
13
26
26
42
34
39
36
31
16
5
14
7
-4
-5
2
3
-7
10
23
28
27
26
34
36
30
30
27
18
12
9
16
30
30
24
19
22
11
8
4
1
16
16
22
39
39
54
59
46
21
15
8
8
10
-1
-10
3
19
1
10
2
14
11
15
16
13
21
18
18
34
64
58
66
86
81
83
73
78
77
61
60
43
44
45
9
-6
-13
-28
-22
-21
-38
-24
1
27
52
70
81
87
85
74
48
17
-6
-32
-31
-15
-19
-5
29
34
72
88
99
100
85
89
77
65
61
44
44
20
11
6
-6
3
-11
-23
-30
-7
20
42
57
70
88
104
113
101
90
69
41
47
37
8
5
1
-5
6
1
-4
6
8
9
-9
-23
-25
-10
1
13
36
41
59
62
63
47
56
55
39
39
27
20
17
32
37
41
55
79
46
16
-16
-62
-65
-63
-75
-63
-16
20
61
96
97
87
87
75
34
12
1
-27
-28
-22
6
36
38
42
52
45
40
45
21
-6
-19
-12
-13
5
9
8
18
12
5
8
-6
-21
-25
-33
-20
-15
10
22
35
44
50
41
34
26
7
-17
-34
-32
-40
-39
-35
-27
-24
-17
-10
-6
-8
-13
-1
-18
-27
-5
-3
9
26
23
24
21
29
19
8
4
0
-4
5
4
8
1
-3
12
6
5
2
-12
-8
-3
-9
4
-4
5
-4
-4
6
10
7
7
5
-6
-6
-11
-16
-12
-20
-30
-11
1
6
5
-4
-2
-5
-1
5
13
10
-4
-3
-10
-25
-32
-47
-46
-50
-45
-48
-49
-39
-46
-46
-43
-43
-36
-33
-31
-33
-34
-26
-23
-26
-25
-5
21
20
37
45
40
45
51
45
46
33
19
11
5
-7
-13
-22
-17
-26
-30
-30
-36
-36
-22
-22
-16
7
8
30
38
44
33
37
33
25
22
23
26
27
31
33
44
39
54
68
50
53
59
48
57
37
14
10
-4
-16
-27
-28
-37
-35
-22
-18
-7
-1
4
1
-2
0
-19
-15
-17
-17
-8
5
10
14
20
20
30
33
41
38
37
40
40
50
58
60
66
52
32
29
31
7
7
-6
6
17
35
59
90
146
92
76
48
-3
4
-23
-84
-60
-21
-25
18
51
66
78
108
85
54
46
9
-10
-11
-20
-9
-6
-2
11
6
27
32
4
-12
-16
-18
-6
-8
17
23
20
31
44
32
26
27
2
-8
-16
-29
-31
-25
-7
14
15
12
15
17
7
4
14
-9
-3
-11
-16
-2
-7
22
25
35
28
18
25
20
3
-9
-17
-9
-7
-13
-5
-8
-13
-8
-24
-26
-37
-54
-48
-51
-40
-20
-18
-19
-24
-27
-21
-23
-29
-48
-49
-24
7
57
101
122
146
155
152
129
97
53
14
-10
-36
-36
-23
-81
-130
-144
-170
-131
-104
-116
-67
21
64
113
169
159
143
137
93
25
-23
-68
-135
-190
-212
-213
-180
-146
-117
-65
6
57
82
94
113
120
130
136
116
109
107
99
110
128
117
82
55
38
35
52
-27
-102
-142
-190
-154
-103
-108
-71
3
64
122
171
180
151
127
94
28
-4
-50
-96
-115
-104
-73
-52
-58
-50
-41
-31
-13
-17
-22
-42
-57
-51
-114
-110
-79
-90
-30
-21
-22
57
96
98
137
142
134
143
150
88
53
46
26
38
87
33
-54
-94
-175
-181
-144
-148
-123
-58
14
91
177
225
217
231
195
107
46
-31
-106
-146
-158
-132
-115
-100
-71
-47
-28
-10
-28
-44
-66
-91
-164
-186
-147
-166
-73
-26
-25
61
145
168
174
192
157
139
141
73
29
7
-35
-22
23
67
53
-2
-59
-118
-141
-142
-175
-179
-128
-43
55
150
227
239
238
215
135
52
-56
-157
-220
-229
-199
-149
-108
-67
-32
-5
15
-5
-60
-134
-157
-177
-130
-76
-40
25
86
138
179
202
184
120
60
19
3
-16
-44
-34
-10
40
108
186
185
107
36
-38
-98
-141
-188
-215
-166
-91
26
136
196
225
227
226
153
52
-53
-165
-241
-273
-259
-220
-181
-150
-105
-67
-38
-19
-63
-81
-90
-84
-41
9
56
87
110
129
151
146
116
60
20
0
-2
1
-16
-1
36
84
127
170
189
140
87
1
-71
-124
-189
-232
-236
-192
-121
-17
60
123
176
206
176
128
63
-35
-90
-152
-175
-192
-200
-181
-148
-97
-70
-32
-21
-24
-15
-13
19
29
31
41
50
62
77
78
77
59
27
-1
-12
-25
-17
2
33
-29
-88
-35
-25
48
126
103
119
184
174
143
110
13
-84
-153
-229
-303
-299
-295
-284
-175
-82
-5
55
97
129
148
140
97
4
-65
-111
-134
-118
-92
-74
-56
-36
9
57
73
100
81
62
77
82
56
58
59
67
113
182
255
424
323
35
16
-153
-273
-235
-425
-478
-286
-139
-14
151
295
347
390
427
275
151
52
-137
-208
-208
-173
-125
-174
-142
-120
-166
-163
-327
-465
-469
-461
-350
-174
-16
157
324
437
477
467
393
187
-31
-159
-287
-291
-192
-120
68
292
492
685
855
963
550
43
-208
-639
-786
-819
-1021
-829
-366
34
376
665
848
821
769
622
221
-58
-325
-553
-563
-493
-322
-188
-212
-159
-94
-81
-52
-212
-392
-422
-339
-173
1
151
236
258
322
286
170
54
-164
-315
-319
-288
-135
-2
87
255
356
462
478
339
213
93
45
71
99
195
229
149
118
25
-46
-144
-339
-593
-757
-582
-393
-197
95
211
356
569
468
200
63
-139
-271
-243
-325
-406
-366
-306
-275
-165
-66
-111
-122
-173
-224
-101
-28
-23
15
9
50
151
163
159
131
53
16
13
38
84
124
156
185
271
322
289
278
204
207
240
221
239
336
345
123
11
-136
-335
-377
-520
-634
-529
-338
-184
-8
184
319
457
539
455
307
159
-50
-265
-395
-502
-574
-567
-566
-482
-339
-204
-151
-192
-290
-312
-267
-223
-133
-93
-40
87
205
257
296
283
198
159
147
138
185
247
276
387
559
707
871
1015
1145
1191
972
495
-207
-1001
-1440
-1548
-1584
-1363
-965
-471
237
902
1294
1474
1482
1261
842
394
-100
-572
-809
-876
-781
-533
-289
-87
74
180
272
241
90
-102
-244
-227
-127
49
200
271
344
356
311
207
8
-223
-447
-573
-552
-422
-255
-64
137
327
464
506
437
284
97
-89
-229
-334
-362
-325
-233
-78
92
225
297
288
222
130
32
-81
-207
-277
-288
-244
-151
-48
34
88
110
103
29
-154
-408
-627
-787
-812
-746
-713
-597
-393
-222
-30
96
84
97
63
-26
-101
-152
-224
-270
-254
-221
-138
-81
-63
-32
-1
54
89
110
180
296
472
693
933
1142
1301
1402
1337
1177
892
454
-262
-1137
-1740
-2212
-2227
-1816
-1408
-717
153
884
1476
1844
1896
1657
1212
673
4
-560
-952
-1206
-1140
-888
-545
-176
43
192
289
227
121
-44
-230
-301
-264
-79
119
292
450
481
449
355
133
-124
-383
-594
-672
-627
-439
-195
36
280
437
533
526
410
235
0
-201
-338
-408
-392
-329
-216
-87
-110
-218
-368
-555
-635
-644
-690
-619
-453
-277
-67
118
203
162
104
-72
-295
-424
-582
-671
-599
-470
-278
-47
122
275
406
471
458
384
300
242
283
404
552
797
999
1184
1429
1450
1319
1014
433
-128
-857
-1586
-1956
-2129
-1916
-1399
-824
-74
701
1291
1668
1749
1648
1295
791
261
-317
-708
-975
-1269
-1212
-912
-566
-132
77
198
323
358
307
128
-1
-39
-80
-9
54
81
170
163
141
105
-22
-138
-300
-394
-351
-266
-143
-16
89
211
295
344
343
211
84
-53
-170
-208
-236
-249
-401
-538
-571
-646
-590
-573
-639
-557
-379
-241
-156
-68
-43
-79
-90
-171
-318
-425
-516
-594
-572
-475
-365
-224
-79
67
227
339
375
371
323
302
334
382
429
521
632
721
929
1085
895
829
837
670
551
247
-209
-456
-639
-816
-878
-827
-602
-315
-1
268
506
751
814
805
743
539
361
130
-132
-241
-340
-397
-406
-433
-363
-296
-220
-134
-80
-34
4
62
146
197
246
271
225
201
157
94
33
-80
-159
-207
-215
-184
-161
-99
-31
38
93
85
49
-145
-483
-636
-815
-864
-734
-669
-503
-238
-13
135
225
186
33
-121
-309
-525
-654
-734
-780
-702
-575
-452
-256
-140
-12
161
261
343
393
362
359
398
376
404
376
346
345
275
292
398
575
824
967
1083
1126
1059
768
267
-54
-189
-297
-425
-643
-788
-668
-432
-217
-56
173
350
452
553
584
543
501
390
240
127
-7
-162
-309
-376
-377
-358
-334
-341
-297
-184
-48
102
171
183
197
205
214
210
164
64
-46
-120
-142
-127
-134
-137
-140
-124
-67
4
51
55
79
69
57
-18
-390
-720
-966
-1205
-1091
-926
-832
-498
-139
106
359
441
307
128
-96
-407
-663
-843
-1015
-1012
-885
-741
-468
-262
-121
83
248
368
410
375
329
292
301
359
411
405
136
3
-67
-245
-103
-34
54
576
1083
1477
1984
2297
2327
2220
1750
975
-127
-1389
-2358
-2935
-2999
-2648
-2011
-1123
-9
1118
1919
2325
2470
2211
1620
969
150
-588
-1076
-1400
-1389
-1170
-829
-461
-223
14
208
215
158
7
-119
-108
-48
141
322
408
498
467
401
252
-15
-256
-524
-676
-676
-596
-358
-93
150
414
559
652
596
308
-183
-630
-1025
-1397
-1348
-1308
-1106
-631
-277
114
422
536
465
274
22
-323
-654
-881
-1080
-1087
-986
-859
-599
-438
-286
-95
33
175
274
305
333
359
368
263
129
4
-167
-248
-249
-68
180
422
726
1115
1622
2089
2543
2738
2554
2179
1396
286
-1117
-2454
-3267
-3704
-3501
-2822
-1915
-564
816
1902
2692
3011
2936
2456
1589
710
-276
-1092
-1566
-1827
-1677
-1330
-860
-379
-67
247
387
311
211
15
-66
-42
25
226
387
511
616
556
396
163
-159
-458
-726
-845
-809
-624
-299
2
306
559
692
728
608
387
130
-154
-391
-594
-895
-1021
-985
-912
-606
-419
-320
-198
-102
-68
-98
-164
-330
-457
-516
-631
-673
-642
-678
-624
-510
-457
-347
-266
-244
-164
-79
-47
-31
-58
-120
-131
-121
-100
-55
59
105
167
300
439
658
861
1071
1355
1599
1940
2298
2376
2312
2051
1350
210
-1301
-2593
-3372
-3762
-3580
-2996
-1977
-471
979
2137
2915
3285
3236
2648
1751
685
-469
-1354
-1954
-2211
-2009
-1618
-1067
-529
-42
430
562
478
323
69
-31
-21
42
188
311
446
542
567
463
167
-175
-559
-864
-960
-953
-791
-500
-185
219
594
816
931
835
610
329
-31
-369
-702
-1093
-1206
-1148
-1011
-634
-391
-210
42
159
122
12
-198
-487
-671
-806
-932
-920
-850
-774
-583
-391
-245
-82
-57
-88
-48
-89
-167
-217
-341
-419
-414
-398
-304
-186
-93
44
251
425
572
797
888
1016
1246
1396
1477
1640
1994
2337
2500
2199
1367
13
-1444
-2604
-3538
-3924
-3749
-3158
-1955
-377
1176
2443
3228
3542
3403
2777
1795
501
-794
-1768
-2350
-2460
-2251
-1773
-1088
-411
249
720
832
708
390
116
0
-62
-18
47
128
340
520
565
471
159
-256
-674
-921
-1003
-984
-835
-539
-156
326
747
982
1030
884
626
284
-109
-471
-812
-1196
-1233
-1169
-1116
-807
-664
-477
-149
16
72
62
-29
-175
-339
-492
-658
-767
-817
-870
-758
-610
-514
-329
-214
-110
38
43
-5
-87
-205
-298
-363
-361
-337
-280
-144
25
237
429
592
736
855
1042
1238
1482
1751
1930
2146
2242
2123
1870
1242
87
-1405
-2651
-3434
-3706
-3438
-2848
-1835
-325
1178
2354
3087
3355
3217
2633
1680
540
-670
-1629
-2215
-2398
-2168
-1665
-1046
-453
83
571
819
763
520
220
40
-38
-2
65
116
237
334
365
317
95
-221
-581
-863
-952
-884
-682
-436
-110
268
632
890
950
815
529
138
-284
-766
-1129
-1257
-1288
-1108
-834
-589
-330
-39
104
151
130
-52
-242
-422
-620
-766
-821
-850
-819
-708
-579
-435
-303
-198
-105
-25
-5
-20
-80
-173
-234
-314
-403
-439
-437
-392
-248
-62
138
376
595
805
999
1116
1251
1342
1428
1565
1709
1868
1939
1954
1700
1070
-148
-1700
-2704
-3298
-3499
-3205
-2682
-1548
25
1414
2511
3117
3322
3116
2367
1385
208
-996
-1866
-2429
-2454
-2073
-1551
-873
-291
312
828
937
804
519
200
54
-14
-12
42
67
197
337
379
313
11
-354
-686
-944
-962
-879
-713
-383
-34
400
807
988
1011
795
457
63
-410
-877
-1234
-1381
-1312
-1043
-712
-374
-102
111
228
243
155
-96
-368
-584
-778
-875
-890
-870
-772
-653
-512
-348
-237
-153
-131
-99
-55
-68
-98
-162
-230
-272
-326
-335
-333
-293
-201
-86
133
331
513
699
876
1032
1185
1290
1417
1540
1748
2068
2129
2228
1982
1032
-338
-1903
-2912
-3508
-3761
-3498
-2882
-1507
269
1667
2754
3379
3532
3297
2451
1355
47
-1275
-2141
-2687
-2675
-2188
-1628
-903
-168
508
1035
1089
915
611
283
146
21
-36
-6
25
201
335
337
217
-122
-488
-795
-969
-958
-853
-627
-281
160
612
991
1155
1090
832
473
53
-460
-957
-1343
-1509
-1386
-1089
-698
-336
-38
196
300
354
220
-68
-373
-666
-877
-952
-978
-946
-832
-645
-415
-245
-121
-67
-28
-7
-23
-69
-163
-257
-311
-371
-399
-421
-423
-366
-240
-85
136
381
551
715
801
932
1114
1195
1258
1299
1458
1797
1993
2070
2183
2010
1165
-490
-2120
-3084
-3595
-3644
-3569
-2928
-1308
491
1981
2983
3524
3737
3289
2306
1120
-275
-1519
-2494
-2993
-2790
-2188
-1468
-733
35
820
1283
1257
940
485
160
-24
-166
-183
-158
-47
181
396
488
359
-18
-430
-777
-955
-949
-855
-637
-254
217
740
1168
1309
1201
896
496
-10
-562
-1085
-1457
-1565
-1424
-1074
-678
-223
140
325
480
441
239
-28
-365
-661
-857
-972
-986
-914
-769
-579
-373
-166
-66
-19
8
9
9
-73
-186
-274
-332
-357
-401
-389
-371
-307
-198
-67
162
375
586
736
845
963
1082
1162
1185
1296
1402
1616
1840
1852
2043
2017
1191
-245
-1851
-2920
-3323
-3487
-3363
-2805
-1490
305
1738
2767
3387
3536
3192
2336
1200
-91
-1380
-2317
-2831
-2762
-2163
-1483
-782
-22
698
1217
1265
951
564
203
10
-71
-123
-86
17
186
384
464
363
-11
-484
-830
-1017
-1001
-847
-634
-252
241
773
1215
1386
1256
908
460
-48
-574
-1051
-1398
-1558
-1433
-1080
-656
-184
145
326
482
434
288
33
-349
-628
-852
-936
-926
-895
-736
-592
-400
-186
-94
-16
0
-23
36
-4
-86
-183
-270
-286
-322
-344
-395
-374
-280
-164
66
288
476
667
844
993
1130
1193
1217
1304
1335
1437
1738
1853
2066
2193
1385
107
-1382
-2631
-3081
-3372
-3464
-3002
-1957
-195
1376
2454
3254
3465
3277
2646
1531
324
-998
-2039
-2599
-2713
-2239
-1617
-948
-157
562
1134
1303
1035
676
330
128
40
-44
-49
28
160
385
491
374
43
-450
-788
-967
-979
-822
-629
-271
238
753
1252
1438
1294
974
468
-60
-560
-1070
-1438
-1622
-1557
-1216
-708
-206
163
461
562
600
522
141
-230
-544
-862
-983
-1032
-1033
-865
-663
-440
-206
-11
88
103
97
64
-8
-99
-233
-340
-350
-372
-367
-342
-332
-233
-94
85
343
529
691
855
979
1206
1334
1365
1396
1392
1479
1706
1850
2079
2300
1575
99
-1500
-2754
-3286
-3454
-3624
-3216
-1978
-241
1438
2594
3389
3695
3459
2762
1651
340
-1032
-2160
-2771
-2831
-2375
-1716
-1089
-287
563
1149
1326
1038
649
339
148
81
22
-23
42
154
361
519
388
17
-477
-835
-966
-948
-803
-577
-229
310
861
1325
1518
1361
968
474
-56
-606
-1129
-1523
-1771
-1662
-1238
-741
-194
207
450
625
663
498
181
-211
-563
-835
-998
-1060
-1019
-876
-671
-399
-167
-24
64
64
83
99
54
-59
-230
-312
-362
-377
-363
-374
-369
-308
-217
-12
259
448
570
693
845
896
1052
1099
992
1119
1215
1351
1774
1976
2158
2510
2061
573
-1196
-2555
-3337
-3631
-3746
-3590
-2480
-594
1174
2451
3303
3765
3637
2964
1951
671
-732
-1909
-2669
-2853
-2433
-1749
-1101
-411
431
1113
1322
1079
683
332
155
82
35
4
65
208
393
566
499
121
-386
-780
-970
-985
-900
-679
-350
112
711
1194
1415
1278
917
470
-51
-546
-1047
-1536
-1670
-1509
-1238
-699
-174
189
467
544
515
360
16
-322
-684
-891
-932
-1001
-939
-761
-580
-349
-179
-62
-46
-81
-73
-97
-94
-118
-215
-243
-248
-235
-187
-233
-283
-300
-213
-78
115
260
311
501
622
725
900
945
948
1066
1160
1294
1514
1677
1716
1809
1939
2217
1533
-576
-1984
-2841
-3325
-2966
-3224
-3008
-1317
308
1784
2727
3197
3467
2957
2226
1310
-12
-1158
-2173
-2640
-2397
-1871
-1232
-785
-209
685
1148
1147
912
458
263
216
195
217
90
76
194
293
450
264
-226
-634
-922
-928
-778
-615
-334
-36
408
899
1183
1188
903
442
-65
-471
-807
-1178
-1406
-1394
-1239
-812
-288
80
339
454
412
311
54
-296
-630
-900
-963
-950
-915
-796
-589
-370
-233
-84
-61
-128
-124
-135
-130
-98
-158
-217
-205
-201
-178
-217
-285
-333
-309
-188
-43
138
268
408
582
709
782
822
813
786
749
883
1041
1214
1514
1621
1702
1864
1797
1899
961
-1201
-2169
-3004
-3399
-2784
-3079
-2450
-624
746
2176
2881
3143
3343
2612
1867
881
-513
-1421
-2266
-2497
-2138
-1673
-1008
-595
57
902
1098
1057
746
342
319
246
216
233
98
154
255
306
401
81
-388
-707
-943
-828
-645
-502
-179
104
522
915
1090
1078
761
239
-350
-705
-1026
-1364
-1355
-1356
-1170
-556
-220
16
301
201
124
129
-137
-424
-596
-743
-790
-717
-720
-688
-565
-492
-433
-297
-320
-340
-190
-135
24
154
50
-7
-60
-141
-189
-342
-391
-415
-377
-154
49
278
463
534
677
766
819
961
898
895
1125
1218
1324
1508
1704
1685
1761
1703
1554
873
-1115
-2349
-2941
-3399
-2833
-2686
-2339
-511
974
2191
3015
3150
3262
2599
1707
789
-603
-1594
-2302
-2623
-2208
-1646
-994
-457
90
894
1174
1096
860
425
282
263
190
208
139
140
270
295
385
125
-355
-693
-885
-807
-647
-490
-198
106
513
923
1023
931
601
160
-224
-549
-805
-1179
-1379
-1221
-1015
-592
-145
-14
179
312
199
173
-24
-339
-547
-719
-786
-778
-752
-728
-605
-436
-375
-262
-191
-217
-94
-15
26
78
-35
-118
-180
-227
-315
-431
-443
-487
-354
-111
9
175
373
436
530
636
620
576
561
585
627
729
825
996
1202
1451
1798
1768
1923
1975
1642
1607
95
-1792
-2229
-3073
-2990
-2413
-2657
-1366
191
1367
2604
2838
3093
2902
1982
1370
227
-881
-1610
-2352
-2207
-1796
-1283
-640
-295
435
1022
1053
1040
709
452
451
283
238
162
-14
68
52
98
79
-342
-632
-804
-780
-540
-436
-175
75
348
740
732
729
608
88
-157
-497
-836
-881
-1044
-1054
-991
-784
-421
-286
-33
95
-8
164
100
-81
-133
-376
-503
-612
-735
-740
-780
-675
-553
-452
-214
-108
30
178
230
318
208
52
-43
-202
-280
-376
-416
-330
-282
-155
56
211
442
532
582
732
756
872
848
695
820
897
922
1188
1417
1649
1810
1795
1671
1527
1612
550
-1302
-2097
-2792
-2887
-2276
-2284
-1510
25
1237
2334
2741
2977
2883
2052
1327
362
-735
-1518
-2164
-2191
-1779
-1188
-583
-247
394
1017
1139
1069
746
431
324
233
178
128
-14
-10
8
93
177
-127
-471
-677
-710
-480
-304
-151
60
183
437
598
577
435
-7
-394
-643
-838
-962
-1144
-1127
-911
-609
-207
16
145
244
160
101
-54
-327
-550
-755
-805
-781
-744
-687
-586
-382
-195
-42
77
82
83
114
115
87
-35
-178
-278
-281
-247
-230
-222
-205
-62
45
146
374
463
528
654
663
774
918
905
955
1072
1158
1384
1824
1879
1828
1859
1514
1721
849
-1321
-2084
-2960
-3216
-2348
-2687
-1874
-119
980
2375
2879
3033
3088
2216
1535
577
-626
-1430
-2298
-2368
-1889
-1397
-726
-415
185
971
1120
1121
837
421
381
173
77
118
-116
-89
-58
-32
175
-100
-406
-553
-674
-450
-354
-231
-79
30
314
414
483
382
-33
-302
-528
-734
-810
-1031
-1137
-957
-715
-418
-134
35
90
113
108
-4
-196
-391
-669
-784
-746
-816
-706
-618
-496
-208
-99
75
146
56
158
93
40
-15
-227
-224
-274
-224
-142
-178
-81
-63
75
207
277
488
454
491
736
790
918
1027
1059
1157
1378
1626
1713
1726
1712
1640
1562
1576
339
-1379
-2053
-2727
-2707
-2265
-2427
-1491
-4
1164
2289
2644
2921
2830
2085
1450
458
-577
-1383
-2093
-2089
-1726
-1246
-742
-371
335
933
1100
1027
725
497
381
255
143
22
-104
-116
-63
90
154
-98
-363
-493
-482
-330
-246
-150
-9
75
307
424
392
261
-141
-468
-608
-727
-821
-968
-1000
-769
-545
-243
40
113
174
187
96
-48
-251
-522
-757
-793
-810
-783
-661
-575
-341
-84
17
145
134
82
111
34
-14
-136
-257
-229
-205
-154
-59
-33
22
70
193
310
356
416
475
562
753
960
1012
1149
1239
1346
1566
1847
1943
1994
2040
1977
1646
-139
-1636
-2326
-3230
-2921
-2793
-2873
-1232
304
1602
2792
3071
3389
3039
2189
1426
91
-1001
-1923
-2598
-2350
-1891
-1257
-657
-126
774
1241
1262
1089
676
415
223
4
-97
-182
-192
-40
52
254
226
-139
-337
-497
-496
-373
-448
-413
-190
66
323
469
436
186
-35
-257
-574
-718
-947
-1182
-1049
-856
-595
-242
-30
101
198
202
127
-63
-310
-557
-717
-750
-843
-828
-710
-563
-291
-142
-40
81
47
119
123
45
29
-139
-187
-187
-193
-165
-261
-203
-54
4
146
207
304
503
570
678
846
940
994
1039
1120
1324
1535
1745
1798
1897
1936
1944
999
-897
-1814
-2608
-3094
-2758
-3007
-2446
-647
752
2034
2770
3112
3241
2641
1955
953
-374
-1410
-2299
-2560
-2202
-1682
-1062
-529
279
1081
1347
1301
962
576
381
129
-110
-213
-366
-268
-99
78
288
91
-178
-359
-440
-357
-379
-422
-322
-205
118
370
402
367
85
-196
-317
-462
-707
-881
-958
-929
-694
-411
-263
-64
51
38
89
29
-192
-399
-629
-735
-727
-783
-795
-700
-559
-373
-225
-132
-39
-21
40
80
80
-22
-177
-260
-300
-226
-214
-267
-226
-196
-49
151
238
370
416
451
652
776
944
1050
1104
1194
1371
1483
1507
1559
1647
1562
1620
925
-960
-1651
-2207
-2799
-2336
-2582
-2221
-571
593
1777
2451
2677
2923
2358
1737
933
-289
-1183
-2024
-2279
-2013
-1637
-1035
-606
61
878
1124
1139
902
557
408
191
-60
-210
-342
-310
-144
-5
170
27
-216
-297
-356
-333
-352
-411
-275
-161
6
326
364
284
93
-224
-385
-422
-592
-832
-890
-773
-605
-354
-203
-213
-108
-156
-197
-209
-420
-528
-630
-690
-615
-619
-582
-527
-452
-353
-342
-303
-311
-293
-178
-140
-77
-64
-148
-131
-129
-121
-192
-265
-263
-235
-88
44
140
303
449
612
793
873
1006
1086
989
1087
1314
1396
1471
1642
1625
1809
1574
-286
-1469
-1969
-2803
-2585
-2863
-2970
-1387
-26
1272
2252
2569
3052
2744
2090
1432
198
-831
-1840
-2441
-2229
-1929
-1356
-909
-341
648
1096
1164
992
620
476
243
-62
-186
-349
-365
-174
-34
194
173
-95
-236
-368
-360
-372
-560
-451
-311
-70
297
396
415
301
98
-83
-298
-507
-802
-1030
-937
-824
-605
-328
-145
11
90
69
-40
-208
-402
-652
-803
-819
-866
-766
-633
-510
-315
-237
-194
-134
-202
-210
-241
-279
-246
-305
-295
-252
-229
-136
-207
-249
-164
-162
-57
40
108
196
307
403
499
662
767
808
899
981
1209
1386
1344
1394
1445
1458
1616
1307
-395
-1404
-1843
-2596
-2342
-2471
-2567
-1176
47
1208
2129
2412
2811
2510
1918
1353
200
-778
-1654
-2175
-2039
-1767
-1268
-848
-276
601
1049
1110
959
604
434
245
-2
-161
-338
-371
-197
-15
226
231
-33
-205
-311
-330
-316
-438
-416
-293
-20
344
497
554
410
179
71
-133
-445
-728
-957
-984
-785
-561
-341
-112
60
182
239
229
25
-283
-504
-709
-794
-840
-887
-788
-591
-331
-147
-63
-5
-39
-41
-45
-158
-207
-352
-411
-363
-356
-272
-330
-338
-223
-162
-42
51
118
240
371
545
624
666
699
620
612
647
647
872
1026
1093
1310
1418
1643
1902
1434
130
-988
-1563
-2113
-2358
-2557
-2642
-1605
-217
806
1711
2244
2584
2559
2080
1484
546
-519
-1328
-1874
-1927
-1689
-1346
-949
-388
386
892
979
833
586
407
261
45
-163
-303
-288
-104
138
317
286
66
-114
-213
-277
-366
-502
-533
-362
-99
218
448
498
434
311
182
-18
-241
-525
-782
-855
-802
-659
-417
-214
-89
53
171
171
125
-28
-316
-498
-611
-772
-799
-747
-678
-499
-301
-179
-64
31
46
38
-20
-131
-246
-304
-347
-378
-341
-336
-332
-272
-206
-113
-6
72
161
234
353
477
514
562
517
595
685
696
874
861
816
944
938
1050
1284
1304
1219
602
-499
-942
-1291
-1717
-1763
-1956
-1649
-587
309
1053
1583
1896
2090
1887
1511
870
40
-628
-1237
-1480
-1467
-1291
-932
-603
-53
498
679
706
620
476
405
220
26
-131
-176
-99
6
123
146
49
-75
-148
-162
-254
-366
-416
-359
-182
50
235
355
428
373
317
185
-32
-266
-509
-658
-677
-619
-486
-350
-230
-45
43
97
117
-13
-153
-248
-353
-462
-529
-584
-559
-482
-403
-357
-285
-197
-106
-37
-38
-34
-65
-117
-134
-180
-252
-320
-390
-380
-345
-261
-182
-105
70
212
326
459
512
549
559
546
561
536
540
605
602
682
769
754
880
1001
1060
1123
1169
696
-277
-679
-1025
-1418
-1352
-1581
-1427
-524
208
880
1267
1533
1793
1601
1334
844
125
-416
-930
-1183
-1177
-1021
-749
-536
-91
450
670
703
606
484
384
231
41
-138
-222
-183
-64
44
114
65
-39
-83
-92
-91
-177
-272
-228
-132
47
208
280
342
301
292
229
73
-64
-335
-552
-541
-560
-506
-371
-317
-171
0
99
142
108
5
-107
-203
-319
-418
-480
-520
-460
-417
-387
-307
-268
-199
-120
-85
-58
-83
-119
-107
-128
-143
-189
-274
-275
-251
-241
-155
-74
30
171
316
437
521
571
550
504
483
504
491
531
572
619
710
824
940
1019
1179
1342
1167
340
-384
-682
-1112
-1258
-1420
-1687
-1120
-280
387
963
1275
1596
1687
1468
1171
565
-72
-601
-1033
-1126
-1055
-845
-649
-364
195
565
674
618
477
390
265
82
-135
-279
-292
-192
-30
79
136
114
37
45
31
-43
-168
-282
-219
-116
38
182
236
250
262
266
213
93
-55
-257
-325
-350
-364
-312
-269
-214
-186
-20
48
38
68
-102
-151
-104
-275
-318
-352
-399
-275
-211
-194
-178
-185
-177
-232
-239
-272
-344
-349
-319
-219
-137
-137
-112
-74
-53
-40
-75
-126
-155
-111
-52
52
161
258
337
396
432
451
467
453
382
388
443
499
689
721
800
954
1000
1138
1157
942
357
-411
-715
-1047
-1285
-1247
-1370
-1012
-225
384
888
1165
1382
1451
1235
991
445
-141
-527
-893
-1014
-960
-777
-571
-359
92
432
535
539
413
284
204
83
-113
-278
-297
-240
-122
1
82
73
26
48
14
-38
-131
-220
-205
-151
-23
62
75
146
170
182
202
128
23
-109
-161
-178
-182
-137
-116
-69
31
39
36
-24
-137
-138
-221
-269
-318
-391
-308
-219
-202
-137
-122
-116
-83
-74
-117
-181
-194
-269
-294
-248
-282
-250
-243
-249
-183
-127
-109
-112
-102
-76
-56
-22
-7
-3
37
40
106
161
182
205
240
269
301
355
358
371
400
448
513
565
594
655
733
754
758
795
703
662
263
-361
-471
-703
-924
-884
-1026
-785
-230
171
522
659
901
1004
815
711
347
-65
-333
-619
-682
-691
-577
-431
-344
-11
268
297
302
237
142
42
-48
-142
-254
-264
-199
-125
-26
67
48
13
53
40
0
-58
-141
-160
-134
-44
14
53
111
105
159
175
95
54
-21
-71
-96
-148
-177
-170
-160
-144
-84
-55
-42
-24
-61
-63
-20
-96
-129
-161
-237
-198
-211
-242
-212
-194
-184
-155
-141
-133
-119
-119
-123
-103
-100
-150
-154
-155
-182
-149
-152
-148
-82
-50
-10
60
103
143
189
236
259
246
249
246
247
263
255
246
253
312
382
436
491
536
604
663
647
610
539
427
387
130
-346
-426
-530
-702
-580
-572
-481
-95
179
351
479
586
612
428
311
98
-176
-329
-493
-529
-521
-412
-252
-203
14
210
214
232
189
121
39
-34
-75
-151
-142
-127
-85
-34
24
71
25
40
47
14
-5
-48
-56
-85
-54
-9
2
37
61
80
109
94
102
89
60
82
66
43
-15
-60
-66
-86
-85
-76
-122
-140
-100
-65
-59
-36
-58
-93
-73
-119
-158
-161
-186
-206
-185
-189
-161
-110
-136
-110
-50
-47
-66
-66
-111
-99
-67
-110
-131
-105
-88
-69
-25
-8
34
60
73
104
145
155
158
148
113
150
168
165
184
227
237
289
325
313
343
358
315
308
308
224
163
94
0
-57
-103
-158
-186
-191
-202
-171
-125
-97
-53
-29
-26
8
9
-8
-47
-99
-109
-153
-188
-190
-193
-158
-107
-117
-96
-108
-126
-115
-116
-126
-113
-114
-124
-51
-25
-31
9
18
48
148
192
246
331
358
401
459
455
465
434
353
293
47
-146
-202
-372
-414
-455
-506
-352
-124
8
133
256
320
386
359
204
50
-51
-175
-254
-371
-440
-389
-338
-229
-120
-36
40
68
63
37
-15
-71
-175
-235
-280
-290
-257
-263
-244
-197
-150
-81
-8
24
74
123
143
145
133
107
97
68
36
53
65
70
123
218
291
379
415
406
419
403
346
259
151
47
-68
-161
-224
-268
-297
-313
-305
-232
-131
-61
-6
69
134
161
166
89
12
-53
-152
-249
-321
-353
-376
-336
-289
-225
-118
-68
-10
33
24
12
-15
-95
-149
-136
-145
-116
-43
18
109
218
285
339
379
389
407
402
377
360
341
327
301
265
150
45
-28
-114
-172
-303
-358
-336
-254
-124
-45
39
159
240
307
263
141
29
-73
-187
-298
-379
-404
-379
-308
-211
-107
-14
40
70
49
21
-38
-124
-212
-252
-274
-261
-227
-183
-123
-51
22
87
115
123
129
136
122
120
141
141
140
158
155
176
188
183
175
182
214
264
303
322
385
394
372
293
141
-10
-107
-203
-324
-368
-394
-297
-165
-102
-29
46
139
198
182
73
-24
-97
-184
-254
-319
-389
-374
-328
-252
-165
-112
-59
1
24
63
70
28
-41
-83
-57
-48
-16
-21
-1
80
154
212
235
235
231
256
261
226
213
203
195
228
265
295
312
301
226
165
112
28
-75
-169
-229
-222
-164
-118
-74
-19
28
48
76
57
7
-53
-116
-151
-197
-199
-224
-219
-192
-153
-95
-101
-94
-102
-113
-124
-148
-175
-181
-172
-153
-140
-113
-63
-15
31
81
103
121
149
151
150
151
144
133
147
150
176
204
239
274
256
256
266
269
264
239
209
204
182
109
18
-64
-115
-149
-201
-229
-209
-151
-93
1
55
85
107
118
87
42
-24
-106
-128
-171
-204
-189
-178
-176
-125
-92
-48
-11
-5
-20
-23
-22
-30
-32
-60
-106
-100
-65
-49
-17
-18
-5
43
89
111
122
115
95
97
64
61
63
69
85
127
180
215
227
230
260
275
271
204
149
106
55
48
11
-39
-86
-99
-52
-37
-39
-85
-97
-86
-99
-101
-132
-144
-138
-111
-126
-107
-92
-122
-134
-136
-132
-146
-158
-171
-164
-133
-104
-86
-77
-61
-39
-11
10
19
21
7
15
19
7
-1
20
41
60
83
101
130
167
191
215
238
263
312
329
323
277
255
267
298
290
256
179
54
12
-24
-86
-126
-175
-177
-82
3
33
52
111
151
183
163
61
9
-47
-83
-112
-147
-173
-146
-71
-29
3
16
23
8
-7
-48
-94
-117
-136
-131
-118
-103
-82
-80
-52
-21
6
-5
-14
5
14
12
-29
-59
-68
-81
-86
-94
-80
-55
-17
48
73
89
97
123
117
100
62
1
-30
-43
-35
-22
-14
25
64
120
175
172
164
137
133
96
52
30
13
52
72
104
122
124
105
101
99
72
22
-40
-60
-52
-36
-41
-55
-41
-16
10
24
12
-5
-21
-19
-28
-23
-32
-35
-49
-23
1
11
7
1
11
29
55
47
31
33
74
94
124
129
119
126
148
168
161
169
181
208
206
217
229
246
278
274
285
282
285
244
177
123
59
13
-26
-57
-92
-68
-36
-23
52
80
98
90
74
73
18
-26
-85
-133
-162
-177
-168
-140
-112
-58
-31
-36
-44
-75
-90
-107
-181
-216
-212
-204
-192
-166
-110
-54
7
46
67
85
93
83
62
31
2
-7
-20
4
19
57
101
157
203
216
234
255
281
303
305
284
283
275
275
224
124
90
52
52
32
-33
-30
3
65
90
82
99
130
171
170
135
103
80
34
44
22
-4
6
-12
11
13
22
24
-13
-17
-7
7
44
23
10
34
69
105
93
85
97
111
123
93
67
47
34
25
5
0
31
42
49
72
79
111
99
80
86
55
63
46
27
4
1
16
18
7
-3
-4
9
26
2
7
13
25
39
21
20
-7
-16
-26
-31
-40
-64
-87
-77
-62
-41
-19
-13
-20
-15
-14
-30
-41
-66
-75
-74
-47
-55
-33
-38
-10
22
16
2
-29
-31
-40
-29
-27
-43
-37
-16
-11
-10
3
6
32
30
39
34
32
32
8
-7
-15
-14
-24
-7
8
10
20
37
39
48
60
48
23
-1
-34
-39
-53
-61
-55
-39
-9
18
42
58
73
66
56
31
14
-3
-16
-20
-23
-29
-28
-16
-6
-1
-1
-4
-2
-5
-26
-28
-33
-25
-16
-18
-7
12
13
24
23
22
33
20
3
-15
-14
-2
-5
-11
5
1
24
38
35
20
4
31
5
-11
-35
-45
-32
-30
-29
-24
-6
-10
7
15
29
31
1
-10
-16
8
-4
-29
-41
-42
-27
-14
-16
-12
3
27
44
40
32
6
1
7
0
-10
-16
-9
-13
-7
10
11
26
21
21
23
40
54
54
36
46
51
60
40
11
22
41
53
38
35
20
33
51
63
58
45
43
42
58
53
55
29
28
55
54
57
27
14
15
45
37
0
-15
-26
6
12
6
-13
2
18
25
31
16
-12
-23
-31
-26
-41
-41
-43
-42
-28
-25
-10
-28
-33
-17
-24
-24
-36
-31
-19
-8
6
-13
-23
-26
-6
-1
2
-18
0
4
22
13
-20
-1
-7
-3
9
-18
-37
-40
-34
-24
-24
-45
-70
-24
-14
-16
8
5
15
40
36
23
-2
-10
-6
-13
-30
-34
-33
-17
-2
14
25
10
-1
0
17
0
-11
-30
-22
-21
-17
4
26
42
52
64
74
72
55
49
29
9
0
-13
