SAMPLES:	6083
BITSPERSAMPLE:	16
CHANNELS:	1
SAMPLERATE:	16000
NORMALIZED:	FALSE
-67
-69
-60
-63
-71
-71
-69
-51
-56
-62
-62
-74
-67
-59
-70
-61
-62
-57
-54
-58
-66
-65
-54
-46
-55
-45
-29
-36
-36
-46
-35
-26
-14
-6
-25
-25
-28
-21
-29
-31
-25
-35
-25
-27
-16
-21
-35
-27
-39
-45
-50
-58
-39
-49
-63
-53
-32
-26
-33
-51
-42
-38
-44
-23
-26
-31
-30
-36
-32
-39
-42
-30
-28
-36
-34
-28
-23
-29
-35
-54
-59
-42
-38
-34
-35
-46
-41
-29
-27
-21
-13
-24
-34
-19
-20
-15
-11
-10
-11
-2
-9
-5
-20
-26
-27
-30
-21
-23
-27
-32
-28
-22
-26
-37
-32
-27
-28
-37
-22
-27
-25
-5
-4
-10
-10
-18
-36
-47
-45
-46
-60
-59
-65
-53
-55
-41
-30
-32
-45
-43
-41
-52
-52
-50
-40
-42
-42
-42
-30
-19
-25
-16
-38
-23
-33
-43
-36
-34
-45
-38
-31
-32
-23
-25
-17
-22
-24
-31
-27
-44
-51
-45
-47
-35
-24
-30
-28
-29
-36
-41
-40
-32
-24
-13
-22
-24
-19
-20
-19
-14
-5
-9
-6
-4
0
5
0
-14
-16
-22
-16
-24
-29
-31
-21
-22
-26
-32
-42
-31
-38
-33
-30
-31
-39
-30
-25
-48
-42
-44
-52
-45
-41
-49
-41
-30
-30
-31
-33
-28
-47
-40
-22
-23
-31
-33
-39
-35
-32
-34
-22
-24
-21
-27
-23
-9
-12
-15
-8
-6
-12
-23
-21
-20
-45
-48
-38
-25
-27
-18
-21
-28
-24
-26
-25
-42
-29
-57
-146
-182
-182
-137
-76
-62
-33
31
87
128
136
126
122
49
-3
-46
-74
-80
-97
-106
-87
-69
-60
-48
-63
-42
-49
-50
-42
-8
10
1
6
19
32
40
2
-27
-51
-80
-84
-83
-74
-67
-54
-28
-5
17
36
16
4
1
-1
-20
-34
-26
-32
-34
-33
-24
-4
-13
-9
-23
-47
-50
-71
-60
-47
-36
-30
-38
-24
-8
4
-10
-14
-15
-22
-30
-21
-22
-28
-14
-19
-7
-5
-17
-34
-34
-44
-54
-40
-47
-52
-37
-5
13
10
22
19
10
13
-2
-13
-22
-33
-34
-39
-39
-32
-35
-35
-39
-75
-186
-212
-186
-120
25
115
195
306
381
394
368
281
154
-44
-233
-353
-404
-387
-322
-244
-91
65
194
278
273
268
199
88
21
-31
-62
-93
-115
-70
-6
32
26
-7
-37
-63
-104
-101
-75
-52
-15
37
108
166
189
160
111
34
-28
-87
-135
-138
-118
-101
-30
35
68
100
86
63
37
-12
-64
-84
-103
-107
-97
-19
44
73
111
116
99
74
45
9
-52
-79
-69
-58
-32
-7
12
21
20
19
21
11
-1
-4
1
19
39
58
63
57
56
35
2
-23
-42
-82
-95
-79
-61
-34
2
43
69
78
79
74
43
24
2
-16
-49
-41
-33
-34
-26
-20
-12
-10
-2
8
0
-7
1
7
17
30
37
24
34
30
13
7
-15
-36
-36
-39
-30
-22
-13
3
15
27
14
6
-2
-20
-53
-90
-213
-285
-221
-144
17
156
235
361
463
488
451
333
232
96
-155
-332
-410
-438
-367
-316
-229
-63
85
209
247
272
300
200
101
70
9
-37
-75
-91
-45
-13
-13
-26
-78
-74
-56
-93
-66
-35
-28
23
57
90
131
105
74
19
-48
-86
-128
-133
-123
-103
-64
-5
41
75
78
81
53
9
-25
-55
-61
-59
-52
-24
24
66
87
87
80
66
47
4
-12
-57
-74
-71
-69
-38
-34
-30
-10
6
6
0
-1
-2
-3
11
21
47
54
50
37
4
-11
-44
-77
-107
-123
-104
-74
-59
-27
4
23
50
62
70
53
31
-3
-24
-40
-66
-68
-57
-57
-46
-31
-31
-3
-10
-22
-22
-26
-8
-18
-24
-144
-251
-276
-281
-212
-208
-211
-83
82
208
304
335
369
338
251
147
58
-1
-50
-108
-47
54
-28
-73
-134
-161
-99
-128
-183
-125
-53
41
92
172
310
292
229
174
66
6
-86
-209
-234
-240
-205
-119
-58
16
77
46
58
82
50
15
-43
-61
-30
2
44
53
31
24
35
19
-2
-58
-119
-115
-99
-65
-34
-20
19
31
44
51
51
26
-6
-13
-34
-32
-16
8
19
28
13
5
-10
-30
-36
-61
-86
-78
-74
-44
-22
0
35
62
86
77
63
34
18
-20
-21
-43
-63
-67
-73
-69
-71
-60
-65
-81
-82
-96
-103
-108
-126
-127
-121
-112
-109
-110
-111
-90
-10
77
171
265
333
359
322
249
149
55
-38
-113
-147
-155
-274
-235
-112
-57
78
68
43
144
150
142
89
27
80
23
-4
36
-6
23
8
-53
-6
-29
-29
-35
-92
-27
-13
-27
33
34
26
-6
-12
29
-2
0
-32
-84
-45
-56
-88
-222
-296
-236
-166
32
165
165
227
241
197
125
23
-86
-259
-371
-419
-454
-372
-267
-238
-150
-12
113
257
382
284
78
-42
-123
-110
-74
-105
-101
28
149
191
167
111
-67
-244
-342
-429
-513
-591
-642
-517
-240
135
518
832
1005
965
827
599
338
54
-276
-449
-386
-178
212
455
592
587
412
120
-186
-502
-779
-874
-821
-605
-220
214
578
816
874
827
576
299
-41
-446
-656
-773
-793
-603
-397
-151
46
103
151
125
35
-84
-206
-245
-182
-72
-25
-135
-179
-247
-314
-312
-374
-407
-327
-253
-138
2
156
246
259
270
209
232
220
137
138
183
271
411
558
711
880
1011
1133
1003
741
353
-221
-661
-1028
-1336
-1439
-1276
-891
-338
248
832
1228
1396
1396
1159
815
424
-34
-444
-732
-807
-719
-566
-332
-102
41
140
185
159
80
-6
-70
-108
-34
89
204
271
318
367
354
257
100
-94
-215
-250
-264
-221
-145
-53
24
65
125
154
135
98
58
52
78
42
1
25
-30
-29
-41
-110
-155
-227
-313
-385
-419
-427
-438
-467
-439
-429
-376
-295
-259
-198
-102
-31
58
128
154
167
117
79
76
62
64
92
159
283
420
588
744
876
1120
1340
1388
1236
849
316
-126
-584
-855
-1112
-1429
-1255
-1016
-578
64
482
789
1075
1170
1173
942
660
386
-123
-345
-451
-545
-445
-399
-354
-222
-138
25
51
-50
-33
-81
-50
104
192
231
204
209
211
179
109
-35
-202
-302
-270
-181
-69
89
178
212
270
298
272
156
31
-35
-151
-158
-191
-276
-207
-256
-317
-337
-421
-459
-415
-449
-448
-376
-268
-201
-158
-94
-138
-163
-179
-239
-255
-234
-246
-188
-116
-24
94
226
337
401
446
448
433
457
513
620
744
888
1080
1266
1365
1198
835
374
-90
-492
-1014
-1509
-1597
-1440
-996
-421
60
602
1020
1206
1209
1063
897
539
77
-177
-329
-392
-364
-321
-240
-124
-29
-2
-61
-106
-197
-289
-228
-86
58
167
277
367
385
354
230
44
-115
-253
-260
-197
-102
42
155
223
296
322
251
132
35
-85
-166
-148
-159
-145
-156
-152
-154
-141
-132
-211
-300
-327
-346
-360
-358
-389
-400
-429
-414
-384
-367
-325
-313
-328
-272
-192
-117
-82
-115
-127
-177
-185
-176
-145
-85
-12
92
169
377
472
570
663
421
356
500
612
970
1133
1064
1118
769
579
457
198
97
-6
-258
-508
-657
-667
-580
-406
-81
-27
243
601
762
756
662
594
418
189
8
-221
-409
-496
-528
-418
-266
7
118
124
272
301
237
191
100
-4
-158
-195
-111
-68
56
125
73
107
160
152
81
-18
-78
-122
-88
-4
63
88
109
132
57
-56
-158
-372
-549
-566
-565
-520
-405
-334
-287
-174
-132
-166
-229
-312
-409
-482
-527
-515
-460
-376
-309
-198
-64
-65
-99
-151
-215
-224
-206
-220
-252
-212
-172
-116
39
153
288
397
487
714
915
1121
1358
1624
1767
1887
2007
1948
1631
750
-683
-1935
-2610
-2933
-2850
-2532
-1765
-530
687
1782
2480
2750
2647
1993
1150
382
-517
-1266
-1859
-2040
-1715
-1301
-754
-233
146
482
548
557
591
421
226
-3
-146
-33
66
95
76
-38
-89
-166
-215
-229
-351
-350
-264
-133
96
232
301
277
200
159
53
-63
-172
-363
-416
-389
-408
-317
-262
-199
-130
-125
-117
-195
-308
-419
-628
-760
-766
-785
-723
-635
-571
-433
-273
-138
-50
-30
-47
-96
-153
-226
-325
-425
-479
-474
-423
-322
-234
-120
28
224
411
565
708
848
1004
1197
1400
1542
1853
2221
2327
2110
1687
748
-499
-1799
-2950
-3539
-3520
-3062
-2150
-932
557
1923
2690
3077
3048
2514
1604
521
-488
-1342
-2021
-2170
-1948
-1450
-668
-98
310
597
677
579
345
105
-78
-322
-324
-103
100
314
450
415
330
124
-83
-323
-559
-643
-621
-482
-198
91
259
374
397
353
236
105
-102
-269
-362
-445
-463
-400
-292
-227
-183
-162
-165
-182
-226
-369
-507
-564
-649
-692
-662
-634
-598
-572
-570
-527
-446
-400
-384
-342
-250
-174
-148
-180
-225
-293
-393
-477
-518
-562
-580
-543
-400
-160
128
392
634
808
956
1023
1018
916
939
1058
1222
1448
1772
2215
2442
2178
1201
-338
-1797
-2675
-3335
-3598
-3367
-2555
-1145
456
1860
2903
3362
3250
2627
1605
594
-512
-1624
-2433
-2670
-2276
-1509
-660
101
561
810
918
792
532
151
-321
-684
-678
-388
-10
245
373
385
334
250
64
-273
-632
-849
-862
-639
-310
32
271
400
490
509
427
248
-9
-295
-491
-557
-526
-465
-350
-220
-193
-106
-67
-143
-217
-333
-493
-610
-665
-625
-587
-581
-512
-516
-568
-630
-722
-773
-702
-627
-543
-455
-337
-235
-216
-192
-272
-393
-490
-591
-615
-538
-451
-336
-126
125
430
641
709
794
767
764
774
659
706
969
1197
1552
1969
2312
2679
2382
1459
94
-1598
-2743
-3457
-3868
-3510
-2730
-1457
282
1726
2902
3447
3292
2828
1807
670
-390
-1572
-2324
-2615
-2385
-1550
-729
82
680
870
973
869
560
196
-259
-596
-641
-413
-20
273
446
500
392
235
-4
-297
-618
-860
-852
-617
-234
158
464
652
705
645
479
197
-97
-405
-630
-719
-646
-563
-441
-249
-150
-53
-20
-104
-239
-391
-608
-767
-881
-852
-766
-700
-534
-426
-325
-227
-225
-257
-313
-355
-315
-391
-469
-534
-640
-663
-640
-622
-563
-422
-254
-13
174
286
324
337
426
470
432
410
415
471
633
836
1046
1402
1686
1898
2161
2455
2564
2290
1425
165
-1290
-2527
-3296
-3694
-3451
-2627
-1460
-73
1383
2551
3210
3243
2793
2014
995
-33
-1122
-1979
-2353
-2215
-1713
-997
-254
335
642
765
759
600
301
-83
-349
-450
-294
3
234
398
442
358
181
-67
-306
-574
-774
-771
-614
-284
134
468
671
714
663
496
239
-68
-515
-834
-970
-969
-718
-562
-437
-165
-25
107
165
18
-181
-468
-714
-841
-951
-955
-956
-889
-671
-520
-335
-167
-120
-48
-79
-116
-93
-134
-263
-427
-525
-599
-577
-514
-451
-306
-108
88
338
543
689
793
897
1012
1055
1123
1187
1189
1348
1638
1898
2398
2827
2632
1860
581
-1092
-2385
-3190
-3753
-3906
-3346
-2163
-493
1222
2604
3430
3587
3300
2564
1522
374
-879
-2018
-2674
-2651
-2030
-1226
-475
205
623
882
1008
868
502
7
-439
-562
-384
-60
249
374
471
537
485
295
-40
-470
-838
-966
-839
-509
-138
199
473
648
773
764
616
234
-327
-747
-1044
-1122
-920
-743
-504
-229
-105
54
90
41
-105
-466
-671
-736
-784
-750
-763
-722
-637
-604
-482
-414
-348
-272
-278
-221
-123
-57
-75
-183
-274
-320
-391
-407
-376
-347
-263
-126
110
356
604
838
979
1097
1288
1375
1382
1438
1472
1626
1861
2195
2565
2558
1845
763
-734
-2210
-3081
-3810
-3957
-3346
-2260
-709
947
2377
3415
3683
3458
2860
1717
552
-716
-1945
-2619
-2830
-2382
-1529
-732
95
671
954
1164
1023
679
232
-258
-482
-507
-301
56
249
375
504
467
346
100
-312
-655
-858
-850
-573
-267
60
417
633
682
594
343
-30
-458
-823
-1045
-1071
-919
-659
-414
-131
182
343
374
245
-57
-380
-682
-933
-1079
-1114
-1024
-819
-614
-385
-154
-10
38
3
-79
-173
-234
-299
-395
-460
-477
-440
-391
-356
-281
-196
-88
61
232
353
480
591
740
928
1106
1296
1385
1509
1567
1679
1916
2206
2588
2763
2202
1204
-328
-1980
-2895
-3628
-3968
-3625
-2863
-1323
527
1968
3155
3679
3617
3168
2176
1100
-134
-1474
-2394
-2825
-2584
-1799
-1011
-216
420
792
1109
1126
908
533
-35
-391
-410
-257
25
234
322
421
417
353
177
-205
-563
-801
-800
-544
-265
38
372
583
692
541
280
-8
-422
-772
-1011
-1089
-931
-701
-511
-252
-28
183
257
165
6
-227
-483
-731
-921
-998
-1023
-1013
-856
-632
-378
-113
-1
85
161
138
59
-85
-224
-320
-400
-481
-500
-478
-392
-273
-128
55
233
450
626
809
886
979
1108
1254
1452
1640
1766
1908
2127
2384
2786
2642
1656
243
-1471
-2806
-3376
-3914
-3997
-3311
-2109
-270
1441
2769
3710
3771
3377
2631
1498
417
-923
-2229
-2865
-2922
-2222
-1294
-541
254
734
1040
1237
1094
729
166
-427
-627
-533
-249
66
208
347
474
518
420
105
-297
-657
-835
-766
-546
-231
82
289
411
459
418
265
-63
-496
-866
-1126
-1170
-1001
-749
-479
-195
87
277
359
271
-31
-404
-751
-1013
-1163
-1173
-1106
-999
-798
-494
-176
57
192
204
154
108
21
-144
-325
-470
-582
-612
-560
-450
-305
-154
-4
202
440
603
717
820
879
1026
1100
1185
1394
1498
1558
1787
2082
2495
2721
2570
1802
224
-1504
-2801
-3546
-3746
-3813
-3431
-2044
-192
1589
2868
3528
3791
3416
2491
1427
276
-1020
-2284
-3070
-2948
-2228
-1341
-499
165
708
1061
1184
1113
777
189
-398
-638
-488
-170
45
179
318
442
475
389
104
-305
-701
-910
-791
-526
-241
66
279
422
534
438
289
-33
-548
-938
-1253
-1284
-1025
-780
-499
-173
104
371
475
330
20
-424
-797
-1058
-1226
-1281
-1250
-1063
-751
-381
-68
135
198
177
142
12
-144
-298
-441
-512
-504
-480
-421
-329
-189
-72
82
286
328
398
582
685
803
917
1038
1266
1420
1558
1706
1912
2151
2355
2531
2547
1820
360
-1372
-2656
-3221
-3634
-3804
-3292
-2035
-287
1342
2545
3455
3727
3329
2529
1504
489
-780
-2051
-2751
-2772
-2193
-1327
-538
163
669
951
1165
1091
752
231
-338
-548
-437
-205
68
252
351
467
523
461
189
-266
-660
-837
-768
-560
-283
-64
82
230
319
374
240
-160
-575
-865
-1049
-989
-834
-634
-365
-96
189
373
415
219
-167
-562
-893
-1110
-1219
-1302
-1260
-1093
-740
-312
26
232
279
274
265
178
23
-213
-474
-628
-680
-646
-535
-401
-238
-80
64
258
482
580
609
656
691
833
961
974
1124
1267
1400
1533
1659
1975
2323
2393
2345
2150
912
-837
-2246
-3185
-3438
-3398
-3350
-2520
-869
912
2247
2987
3544
3445
2639
1736
702
-380
-1558
-2562
-2741
-2280
-1486
-583
-2
532
963
1107
1114
859
371
-169
-505
-449
-171
94
287
382
420
477
460
260
-132
-586
-834
-782
-619
-337
-11
225
286
308
329
112
-191
-595
-1029
-1160
-1052
-888
-571
-251
3
211
355
402
147
-224
-626
-1019
-1201
-1244
-1211
-1025
-809
-553
-209
92
283
287
179
46
-61
-161
-283
-424
-483
-465
-414
-333
-208
-92
-38
38
145
249
413
518
641
809
926
1041
1169
1374
1493
1500
1661
1816
2011
2331
2220
2185
1802
174
-1527
-2816
-3472
-3330
-3397
-3160
-1887
-199
1539
2630
3207
3602
3189
2285
1289
225
-758
-1929
-2753
-2639
-2006
-1111
-300
215
745
1069
1121
1023
653
101
-431
-717
-549
-164
107
311
409
492
599
541
252
-243
-699
-856
-793
-589
-313
-158
-17
156
188
185
4
-365
-676
-850
-913
-810
-599
-356
-155
26
203
255
198
-90
-527
-836
-1015
-1130
-1159
-1156
-1032
-773
-414
-13
213
292
250
141
92
20
-154
-375
-563
-595
-504
-373
-296
-241
-149
16
169
257
340
353
403
458
536
743
906
1091
1253
1246
1358
1633
1705
1915
2101
2087
2053
2062
1492
-49
-1638
-2821
-3414
-3265
-3151
-2867
-1650
-71
1488
2609
3192
3464
2971
2042
1110
145
-867
-1953
-2634
-2507
-1901
-1021
-219
275
731
928
947
861
504
-8
-505
-724
-528
-193
76
282
365
441
500
439
179
-241
-664
-841
-735
-532
-300
-201
-143
-42
31
14
-180
-517
-758
-894
-905
-739
-535
-322
-145
11
169
193
62
-267
-657
-932
-1112
-1187
-1198
-1112
-956
-699
-362
-33
161
215
144
35
-40
-183
-351
-494
-624
-667
-575
-403
-239
-121
-30
34
160
270
287
283
285
356
553
749
935
1161
1292
1356
1578
1780
2040
2255
2325
2150
2097
1673
59
-1773
-3013
-3624
-3495
-3391
-3168
-1896
-159
1489
2599
3171
3563
3148
2171
1222
195
-798
-1929
-2727
-2587
-1986
-1129
-342
111
590
872
932
848
478
-50
-537
-710
-496
-194
47
243
340
421
494
436
168
-295
-734
-876
-809
-684
-546
-450
-274
-75
53
56
-129
-386
-618
-824
-851
-777
-659
-479
-300
-129
47
124
17
-228
-547
-813
-990
-1113
-1158
-1143
-1042
-813
-475
-154
53
100
63
46
3
-118
-310
-502
-602
-621
-575
-481
-336
-200
-123
24
184
258
297
296
284
428
607
765
955
1048
1135
1310
1626
1833
1943
2097
2200
2187
2151
1581
69
-1613
-2894
-3406
-3378
-3350
-3009
-1896
-181
1472
2553
3219
3491
3073
2171
1182
254
-790
-2000
-2724
-2583
-1918
-1033
-250
276
727
1022
1140
1030
600
-4
-580
-795
-588
-301
-42
216
403
581
676
678
441
-70
-536
-741
-743
-592
-505
-453
-230
-40
99
153
-16
-258
-545
-793
-850
-763
-576
-427
-318
-97
127
217
130
-174
-519
-810
-1026
-1130
-1205
-1162
-1037
-808
-446
-66
146
130
103
55
-24
-129
-365
-572
-680
-668
-550
-433
-274
-144
-36
123
245
308
314
355
450
463
581
744
932
1121
1284
1524
1749
2002
2266
2412
2514
2496
1718
151
-1571
-2819
-3392
-3617
-3696
-3336
-2094
-273
1454
2574
3207
3450
3125
2390
1384
280
-933
-2097
-2719
-2620
-1960
-1051
-311
236
686
1073
1269
1043
509
-174
-714
-854
-680
-432
-169
69
346
615
814
818
461
-63
-480
-627
-630
-653
-648
-526
-328
-22
153
199
159
-74
-317
-515
-578
-612
-663
-616
-458
-209
34
103
42
-80
-313
-539
-737
-890
-1013
-1107
-1074
-882
-556
-263
-103
-14
51
136
133
13
-171
-362
-475
-501
-497
-459
-410
-316
-149
38
234
376
431
444
536
630
685
769
850
982
1198
1412
1619
1757
2032
2318
2376
2300
1850
762
-791
-2202
-3066
-3416
-3479
-3222
-2434
-886
863
2105
2876
3254
3213
2650
1703
681
-460
-1615
-2374
-2535
-2103
-1357
-583
89
592
1016
1241
1166
756
111
-450
-702
-653
-476
-279
9
341
628
830
849
677
271
-206
-513
-631
-665
-671
-600
-383
-86
204
325
284
142
-84
-287
-465
-635
-699
-659
-586
-392
-162
-7
66
-6
-166
-318
-516
-750
-922
-1010
-987
-860
-645
-419
-227
-95
-40
34
44
-39
-155
-287
-397
-430
-422
-387
-353
-280
-145
13
161
265
369
489
614
716
770
865
1006
1225
1382
1461
1580
1802
2126
2326
2333
2042
1192
-255
-1614
-2504
-3009
-3212
-3267
-2697
-1278
391
1752
2582
3057
3245
2905
2153
1155
-14
-1129
-2106
-2463
-2187
-1568
-818
-171
434
969
1318
1375
1019
454
-127
-543
-645
-597
-445
-190
123
506
783
911
850
514
91
-274
-447
-552
-627
-594
-451
-120
233
427
389
313
184
-8
-194
-424
-589
-633
-588
-500
-297
-84
14
-31
-82
-165
-342
-487
-696
-848
-878
-788
-629
-382
-191
-85
-23
16
0
-90
-222
-354
-429
-470
-423
-356
-276
-197
-92
24
140
209
257
344
433
507
585
717
897
1137
1284
1456
1678
1809
2003
2123
2214
2232
1856
661
-890
-1929
-2534
-2840
-3015
-2996
-2092
-560
928
2058
2700
3103
3079
2525
1823
826
-255
-1338
-2129
-2174
-1801
-1156
-424
127
652
1084
1329
1287
820
223
-334
-607
-581
-491
-306
-25
318
668
937
1009
868
459
-2
-281
-409
-536
-625
-573
-364
-12
289
442
457
392
293
112
-104
-304
-455
-499
-478
-364
-219
-120
-83
-99
-168
-278
-386
-535
-661
-731
-740
-657
-471
-235
-77
-7
51
65
30
-93
-284
-448
-559
-585
-532
-458
-376
-270
-131
27
189
251
276
371
482
557
643
695
737
846
964
1130
1250
1424
1659
1827
1903
1928
1759
1336
232
-1190
-2013
-2445
-2589
-2636
-2524
-1526
-82
1165
2005
2396
2679
2535
1895
1178
239
-694
-1527
-2081
-1943
-1475
-832
-165
225
678
1069
1203
1033
492
-81
-480
-631
-571
-490
-288
22
337
654
867
885
670
239
-111
-287
-437
-555
-587
-470
-189
163
427
516
484
353
146
-77
-305
-494
-650
-698
-629
-442
-212
-80
-74
-90
-159
-272
-463
-671
-795
-873
-849
-728
-531
-306
-145
-49
15
35
-5
-150
-339
-506
-616
-641
-630
-591
-499
-363
-198
-27
117
270
383
456
517
556
617
655
671
743
905
1115
1351
1557
1701
1764
1780
1744
1459
340
-1059
-1887
-2315
-2358
-2433
-2435
-1622
-255
1026
1837
2227
2523
2370
1819
1201
351
-525
-1432
-1957
-1835
-1470
-832
-204
198
592
875
1066
974
476
-93
-578
-709
-576
-479
-304
-13
325
616
798
885
718
298
-129
-354
-397
-522
-594
-529
-310
67
371
502
439
344
235
28
-162
-372
-583
-623
-538
-357
-177
-81
-70
-115
-134
-233
-446
-665
-837
-914
-875
-753
-564
-316
-127
-19
63
92
13
-156
-341
-533
-633
-663
-642
-556
-478
-379
-205
-18
126
207
238
295
355
416
449
516
600
671
894
1099
1346
1561
1552
1558
1560
1502
1309
426
-873
-1682
-2046
-2059
-2088
-2104
-1532
-430
771
1536
1898
2152
2095
1663
1085
367
-365
-1103
-1635
-1642
-1339
-790
-193
170
467
726
895
886
499
-48
-491
-670
-574
-434
-265
-21
263
537
765
853
732
369
-27
-236
-300
-388
-501
-514
-319
11
298
446
420
380
331
235
60
-167
-334
-454
-461
-368
-288
-205
-148
-197
-255
-322
-441
-563
-711
-794
-787
-660
-495
-344
-210
-98
-15
21
-31
-157
-315
-498
-638
-701
-695
-627
-563
-483
-343
-135
30
95
103
139
237
322
342
319
339
413
575
732
895
1019
1197
1373
1449
1451
1381
1274
970
189
-858
-1435
-1725
-1797
-1756
-1712
-1108
-120
774
1362
1618
1761
1690
1320
865
210
-403
-958
-1306
-1181
-898
-473
-41
183
433
647
726
613
175
-251
-503
-569
-461
-379
-241
15
305
587
721
710
585
263
2
-141
-250
-317
-415
-382
-179
96
319
361
323
277
271
224
93
-96
-272
-344
-298
-172
-128
-149
-161
-173
-201
-270
-429
-571
-642
-691
-640
-530
-400
-269
-167
-71
10
34
-72
-237
-381
-520
-610
-657
-669
-608
-508
-355
-182
-21
79
121
147
168
211
241
230
237
289
381
533
697
863
1007
1198
1338
1426
1405
1298
1136
797
37
-784
-1204
-1482
-1549
-1542
-1332
-696
161
876
1281
1473
1605
1452
1053
601
16
-500
-917
-1048
-890
-633
-249
113
340
552
633
599
387
32
-290
-504
-553
-459
-339
-161
108
371
598
696
680
515
236
32
-91
-219
-321
-350
-266
-75
114
250
306
284
272
248
165
44
-78
-217
-276
-201
-127
-100
-115
-143
-155
-158
-237
-423
-549
-600
-627
-595
-527
-438
-329
-199
-92
-42
-30
-95
-215
-299
-408
-485
-515
-531
-515
-467
-339
-208
-117
-11
40
114
155
158
179
161
189
236
268
385
510
632
766
951
1158
1243
1288
1259
1216
1159
713
-185
-818
-1105
-1262
-1264
-1342
-1131
-476
275
845
1067
1204
1264
1021
762
408
-63
-465
-769
-736
-548
-327
-1
174
252
409
457
438
192
-157
-357
-480
-409
-294
-238
-42
208
401
580
667
636
420
183
73
-19
-142
-271
-325
-240
-86
56
127
136
134
157
169
133
82
0
-70
-114
-48
17
-25
-55
-140
-190
-204
-281
-448
-574
-588
-575
-531
-447
-377
-289
-166
-122
-86
-108
-214
-274
-346
-422
-486
-471
-436
-404
-334
-281
-220
-146
-129
-124
-117
-93
-55
-8
65
119
173
238
310
398
455
511
645
777
929
1071
1163
1343
1497
1420
858
6
-472
-897
-1176
-1446
-1729
-1332
-607
150
703
978
1358
1473
1313
1084
528
-14
-548
-888
-858
-768
-448
-123
57
394
608
694
596
206
-164
-443
-553
-531
-548
-410
-106
225
509
695
796
695
490
296
120
-60
-272
-416
-437
-307
-149
-33
59
118
158
172
179
158
66
-31
-33
-55
12
45
-24
-3
-64
-94
-124
-234
-334
-432
-444
-411
-406
-392
-358
-283
-183
-143
-139
-166
-202
-211
-270
-294
-307
-322
-319
-294
-251
-233
-191
-182
-162
-120
-108
-83
-79
-63
-14
25
72
99
161
208
221
262
306
401
515
602
694
789
940
1066
1228
1359
1346
916
219
-137
-536
-827
-1069
-1325
-1032
-450
87
488
694
1068
1208
1085
992
512
81
-291
-587
-543
-525
-359
-77
73
366
536
587
520
218
-41
-275
-384
-413
-467
-345
-78
204
403
563
683
612
482
304
137
-29
-250
-369
-413
-319
-165
-84
-4
53
127
227
230
199
81
21
16
-14
3
-28
-19
-39
-75
-91
-141
-197
-308
-433
-435
-435
-407
-395
-354
-275
-197
-116
-117
-126
-138
-177
-189
-230
-290
-298
-293
-243
-219
-185
-153
-140
-133
-134
-140
-160
-160
-137
-85
-43
20
121
201
254
309
321
319
352
365
402
469
553
677
777
880
928
966
930
792
572
319
-6
-287
-403
-508
-470
-321
-152
128
451
648
731
691
635
520
317
101
-133
-267
-281
-216
-76
43
148
296
349
381
320
187
23
-124
-216
-278
-223
-167
-49
87
236
382
425
417
353
205
106
-16
-138
-205
-289
-249
-180
-81
35
65
124
140
120
145
73
15
-43
-91
-51
-76
-98
-96
-127
-119
-159
-219
-279
-330
-318
-320
-289
-249
-191
-114
-79
-51
-42
-29
-54
-139
-237
-293
-305
-294
-291
-244
-185
-120
-56
-15
11
-17
-24
-35
-36
-31
-22
12
71
137
195
267
332
362
378
425
498
577
668
742
800
852
848
771
613
359
113
-34
-153
-238
-271
-223
-89
79
251
376
471
515
456
372
267
152
62
-13
-15
1
31
124
182
183
163
105
57
19
-92
-201
-252
-219
-122
-71
30
96
197
280
257
217
122
52
-11
-68
-91
-126
-115
-84
-49
12
12
3
-21
-29
-51
-74
-100
-114
-79
-33
-19
-34
-42
-69
-86
-132
-174
-231
-278
-293
-308
-278
-242
-201
-126
-74
-22
-17
-83
-136
-188
-209
-217
-228
-207
-173
-126
-46
-20
-15
-1
-14
-7
-13
-13
27
32
76
120
129
149
149
166
185
223
255
273
348
451
544
686
772
793
808
742
654
502
212
-82
-244
-293
-287
-266
-198
-2
212
408
486
478
513
415
294
176
30
-76
-138
-118
-10
61
181
261
263
266
193
67
-64
-206
-308
-352
-329
-237
-126
19
168
297
367
382
326
252
119
0
-86
-199
-238
-236
-190
-115
-95
-22
10
9
48
21
-1
-33
-57
-51
-70
-71
-65
-60
-30
-58
-106
-154
-226
-251
-279
-282
-267
-273
-265
-221
-167
-147
-149
-152
-152
-151
-163
-186
-234
-239
-189
-147
-83
-45
-19
12
-11
-23
-70
-105
-132
-133
-74
2
92
161
237
283
331
338
305
270
276
308
389
487
632
742
683
657
538
286
151
-111
-333
-349
-405
-256
-82
72
341
415
574
655
455
386
142
-43
-79
-267
-259
-225
-146
61
124
205
242
171
110
-22
-169
-291
-353
-351
-272
-145
-15
141
242
307
322
237
126
-31
-133
-202
-298
-283
-274
-225
-115
-31
44
75
75
69
35
-13
-51
-101
-116
-129
-104
-72
-47
-19
2
6
-9
-23
-85
-152
-205
-238
-242
-204
-185
-165
-133
-121
-119
-109
-139
-164
-166
-184
-169
-164
-180
-167
-158
-137
-115
-104
-96
-57
-22
-16
-17
-19
3
7
13
18
15
28
27
15
28
64
97
150
183
196
219
240
245
225
220
213
231
275
286
320
340
339
341
324
292
231
153
92
24
-26
-71
-90
-73
-46
2
37
50
71
73
40
2
-31
-68
-120
-153
-160
-125
-79
-64
-76
-54
-65
-91
-130
-195
-248
-291
-287
-276
-280
-272
-258
-210
-177
-183
-197
-197
-172
-173
-209
-241
-257
-236
-206
-192
-204
-210
-194
-170
-164
-145
-112
-93
-59
-28
-2
-12
-28
-48
-25
-16
-2
12
25
89
144
220
271
309
334
330
362
390
474
444
294
263
149
132
121
-73
-107
-133
-93
4
-56
40
74
125
274
212
188
175
96
123
108
79
40
-11
34
68
92
89
43
5
-40
-56
-105
-140
-135
-144
-65
-37
1
50
56
105
105
62
30
-26
-52
-74
-106
-94
-88
-66
-46
-57
-12
27
17
33
8
-8
3
-45
-47
-51
-71
-34
-28
-33
-60
-87
-99
-115
-123
-140
-158
-156
-124
-116
-87
-57
-66
-72
-49
-67
-86
-109
-140
-161
-186
-173
-189
-180
-144
-157
-129
-124
-136
-125
-130
-111
-108
-112
-118
-125
-104
-76
-82
-96
-101
-84
-63
-70
-94
-91
-67
-75
-70
-74
-52
-35
-35
-25
-7
14
0
-6
10
-15
-23
-4
-11
9
23
22
25
40
51
41
15
-13
-9
-5
-11
-18
-22
-21
-7
4
-6
-26
-27
-32
-44
-33
-34
-19
-14
-29
-47
-30
-15
-13
-23
-42
-19
14
36
13
-8
14
42
46
13
-38
-59
-87
-112
-124
-112
-95
-99
-70
-48
-12
6
6
6
14
16
-13
-35
-53
-61
-78
-85
-102
-102
-81
-62
-40
-1
14
-14
-34
-52
-41
-56
-73
-110
-123
-91
-67
-28
-46
-44
-1
-6
-26
-40
-61
-43
-54
-57
-52
-59
-64
-56
-29
2
30
37
32
46
42
51
52
23
11
0
13
33
30
13
11
51
88
96
115
132
155
163
139
94
64
53
37
1
-24
-12
12
46
34
23
36
45
56
39
-14
-48
-67
-83
-105
-93
-102
-73
-46
-28
5
-4
-16
-32
-61
-77
-98
-125
-133
-161
-145
-135
-114
-86
-71
-55
-31
-5
-37
-49
-61
-76
-76
-66
-59
-53
-26
-40
-25
-8
-6
16
9
-7
20
31
41
53
41
58
58
64
75
82
76
57
63
44
12
-41
-70
-56
-39
-33
-23
-20
-9
28
16
6
-24
-36
-31
-69
-98
-74
-82
-84
-69
-56
-36
-36
-23
-24
-41
-60
-74
-109
-105
-114
-89
-58
-54
-14
19
32
29
34
31
20
-8
-22
-6
1
4
15
29
54
77
91
109
143
153
182
163
153
163
155
137
118
85
42
19
-26
-38
-51
-67
-45
-27
-7
2
-37
-36
-28
-49
-48
-78
-97
-59
-36
-16
-31
-56
-49
-73
-96
-121
-161
-170
-175
-193
-176
-159
-130
-90
-60
-48
-38
-69
-91
-110
-136
-135
-144
-150
-116
-79
-44
-24
-14
12
16
-6
-32
-69
-75
-74
-81
-56
-53
-23
11
18
18
-3
-32
-43
-63
-75
-73
-90
-74
-50
-15
18
20
16
3
6
-19
-42
-59
-85
-86
-69
-42
-44
-54
-29
-26
-11
12
-10
-39
-48
-51
-47
-24
-31
-30
-10
17
43
31
13
-5
0
4
-17
-37
-51
-48
-25
-1
16
41
45
46
58
57
59
29
-6
-17
-21
-24
-40
-70
-65
-35
-33
-44
-57
-60
-36
-27
-36
-58
-53
-35
-28
-17
-16
-13
-10
-7
9
1
0
-28
-46
-29
-65
-86
-100
-100
-76
-58
-49
-64
-64
-49
-36
-13
-41
-52
-31
-37
-4
12
6
16
12
14
9
-18
-39
-69
-80
-71
-59
-29
-8
-3
18
45
40
38
17
-6
-9
-18
-14
-10
-17
-7
14
27
33
21
18
12
-6
11
-11
-27
-1
-3
12
18
29
50
38
46
42
27
15
-8
-33
-7
-14
-9
5
-16
-8
-4
-10
-19
-29
-36
-23
-9
-9
-6
-8
-23
-17
-23
-20
-40
-65
-46
-46
-47
-43
-40
-25
-17
-8
-22
-26
-31
-54
-65
-70
-69
-68
-73
-61
-34
-12
-17
-36
-6
-12
-15
-21
-32
-12
-19
-41
-59
-77
-56
-42
-65
-70
-73
-84
-60
-51
-64
-50
-42
-32
-15
3
8
-7
-16
-16
-20
-49
-77
-66
-46
-31
-3
4
-3
9
14
19
9
-8
-19
-42
-51
-53
-69
-51
-30
-9
11
6
7
5
3
1
2
-2
7
-1
-26
-35
-25
-18
-10
-19
-4
15
12
13
-1
2
-11
-19
-35
-45
-41
-29
-21
-22
5
6
6
8
-4
-10
-27
-46
-66
-74
-83
-90
-72
-73
-51
-31
-15
-10
-23
-20
-27
-38
-63
-86
-90
-88
-84
-83
-107
-99
-88
-67
-75
-74
-77
-75
-70
-71
-69
-69
-51
-53
-43
-35
-20
-16
-23
-24
-28
-29
-50
-57
-67
-67
-63
-68
-63
-53
-30
-24
-40
-38
-35
-14
1
8
14
29
33
23
41
35
36
46
41
41
42
35
18
20
26
16
20
22
7
3
-15
-11
9
14
22
16
27
37
35
36
37
23
25
28
34
21
17
6
-8
-9
8
28
26
36
51
65
68
61
44
34
18
-3
-21
-30
-32
-20
-4
-3
4
-6
-5
2
-10
-20
-31
-62
-70
-70
-71
-55
-39
-14
-20
-3
-7
-14
-32
-67
-71
-71
-85
-89
-78
-58
-29
-15
-18
-26
-41
-67
-76
-106
-120
-121
-117
-99
-64
-56
-40
-30
-35
-18
-17
-27
-51
-66
-62
-62
-64
-42
-26
-17
13
8
6
6
2
-4
-19
-15
-15
-35
-24
-7
6
23
16
18
11
-6
-23
-27
-34
-53
-63
-43
-23
-12
9
6
22
19
-11
-21
-36
-45
-39
