SAMPLES:	6052
BITSPERSAMPLE:	16
CHANNELS:	1
SAMPLERATE:	16000
NORMALIZED:	FALSE
-18
-18
-18
-10
-2
-7
-15
-7
-8
-21
-17
-10
-7
-5
-3
-7
-12
-12
-5
-2
-14
3
0
8
16
18
12
0
5
-4
6
2
5
4
-7
4
1
-8
-14
-17
-24
-25
-18
-18
-5
7
5
10
1
-1
4
8
8
-5
-11
-4
-4
-2
5
8
4
13
3
-5
-26
-4
7
1
3
5
4
13
27
16
7
-8
-7
-5
1
2
-3
9
11
8
12
0
6
7
4
-1
10
17
21
20
29
31
38
33
27
32
24
20
15
33
45
41
41
48
59
58
37
29
26
11
19
18
19
28
35
25
30
46
43
45
37
26
18
14
20
35
42
45
55
59
64
67
53
40
33
26
42
38
44
47
27
31
39
44
33
34
41
42
40
41
38
36
45
51
45
48
46
38
33
30
40
38
41
50
62
60
47
43
43
54
47
33
29
30
27
22
32
35
43
45
56
56
49
41
40
49
44
36
46
53
51
51
47
38
39
35
30
31
21
17
16
20
22
19
16
18
29
30
24
25
29
29
30
37
41
43
35
43
29
36
25
24
33
26
37
30
39
38
30
22
30
23
24
42
19
20
32
21
33
17
19
22
18
22
23
20
27
16
8
6
11
23
4
16
21
19
22
11
18
24
21
13
10
16
9
22
27
21
8
-8
-19
-5
-14
-10
-12
-13
-5
-8
-6
-22
-21
-17
0
-6
7
17
22
18
8
3
-3
5
-5
-2
-3
8
11
3
3
-10
2
3
1
11
12
19
14
0
-1
20
25
28
24
28
28
32
27
30
15
4
11
17
18
12
17
8
27
23
23
15
25
15
16
19
20
39
29
40
45
52
44
39
42
38
26
25
18
19
16
5
18
27
19
25
26
-1
-4
-7
19
37
24
24
28
30
22
29
48
45
36
32
27
25
15
10
12
-3
2
7
3
5
4
9
5
0
10
-1
-2
-4
-4
-6
-4
7
20
31
27
29
17
23
21
15
18
15
14
17
20
19
17
10
14
18
16
22
16
24
9
-1
-7
-13
-3
1
22
20
7
7
14
9
12
-2
-4
2
-3
0
2
17
14
18
9
17
5
2
0
-8
7
5
15
6
9
16
1
2
-6
-7
5
2
5
6
-10
12
7
12
13
20
16
20
19
7
16
25
29
27
28
24
18
21
28
20
26
32
32
17
19
34
29
27
32
28
25
22
24
34
30
32
30
22
23
1
5
-4
4
4
-4
0
-3
5
4
2
0
14
19
18
21
24
22
27
23
25
26
20
31
29
18
19
25
18
20
19
19
15
19
23
23
29
30
30
30
26
21
22
13
9
5
6
35
39
40
38
41
41
31
29
20
22
17
13
15
28
26
29
28
31
27
19
22
18
19
23
24
14
19
32
22
17
34
25
29
33
27
30
33
28
21
19
28
25
10
17
18
-1
4
13
-2
6
5
10
13
22
9
7
13
7
15
7
3
9
5
18
18
18
25
9
33
19
27
15
17
7
8
9
0
12
5
17
16
15
27
9
17
8
24
22
23
16
25
47
30
23
16
15
-8
17
5
20
0
4
13
15
4
20
20
13
18
30
25
24
36
14
19
20
31
25
8
1
-3
5
2
0
-11
-8
-4
17
5
19
11
30
43
53
47
53
65
79
75
71
76
64
25
25
5
-7
-19
-19
-18
-27
-19
-38
-26
-26
-17
-25
-12
-17
-4
4
7
12
8
9
-1
0
20
24
30
17
22
17
19
12
-22
-62
-61
-68
-91
-83
-85
-71
-84
-44
-24
7
37
91
118
125
126
148
136
117
91
53
15
-19
-47
-68
-101
-99
-93
-97
-94
-79
-54
-45
-31
-33
-23
-32
-34
-42
-43
-49
-46
-56
-61
-67
-58
-26
-12
4
25
44
49
54
63
56
48
46
9
-30
-40
-49
-74
-74
-91
-101
-116
-102
-83
-78
-57
-47
-26
-20
-30
-13
-20
-18
-28
-30
-44
-45
-27
-42
-38
-39
-18
-12
10
20
30
25
14
14
5
-15
-29
-37
-59
-75
-92
-98
-92
-103
-119
-119
-101
-84
-132
-148
-186
-146
-161
-181
-189
-177
-159
-156
-113
-81
-21
63
148
209
271
305
331
330
346
305
239
169
110
3
-89
-147
-181
-227
-251
-252
-264
-254
-218
-161
-145
-115
-74
-60
-65
-55
-38
-36
-62
-58
-71
-72
-32
14
53
62
88
141
160
182
178
183
190
163
108
41
-23
-72
-116
-162
-207
-220
-223
-228
-215
-196
-152
-120
-88
-47
-26
-21
11
25
4
7
4
12
26
5
-3
19
39
57
68
81
108
131
137
128
108
86
59
18
-16
-58
-94
-126
-153
-154
-162
-152
-129
-118
-99
-67
-30
-10
3
20
23
27
34
31
28
24
11
10
7
-1
19
37
45
62
62
62
65
69
57
48
32
12
-24
-53
-76
-99
-122
-125
-132
-134
-102
-84
-70
-54
-41
-13
9
30
49
63
53
49
37
19
5
3
-3
-2
6
2
16
16
23
29
44
39
30
25
16
1
-23
-42
-48
-54
-68
-76
-89
-82
-81
-58
-32
-32
-8
12
38
48
42
40
33
26
16
2
-4
-22
-26
-36
-36
-34
-46
-31
-29
-24
-8
-9
-6
-26
-33
-40
-50
-59
-75
-96
-112
-117
-103
-154
-174
-209
-200
-216
-237
-252
-259
-256
-285
-251
-247
-213
-176
-129
-107
-73
-10
26
79
105
157
183
237
265
298
309
339
369
357
339
309
296
248
180
86
31
-49
-114
-205
-259
-332
-379
-396
-423
-414
-410
-357
-321
-306
-240
-186
-136
-112
-73
-51
-20
-35
-79
-122
-95
-73
-97
-116
-81
-34
9
91
129
168
200
246
185
155
101
63
-29
-142
-241
-330
-373
-388
-352
-289
-197
-62
135
324
499
674
757
785
742
766
667
499
297
152
-80
-268
-403
-495
-572
-563
-474
-445
-371
-228
-60
29
71
118
139
93
36
-16
-82
-167
-204
-248
-283
-271
-187
-85
-12
27
84
158
212
150
82
-1
-93
-264
-387
-511
-621
-688
-689
-690
-664
-519
-296
-74
114
364
601
860
1018
1173
1291
1241
1090
947
881
606
313
94
-53
-372
-553
-623
-638
-715
-652
-525
-505
-484
-366
-219
-246
-274
-241
-257
-413
-503
-502
-531
-625
-624
-575
-537
-455
-291
-117
17
117
225
344
397
360
357
343
269
107
57
-31
-160
-293
-333
-355
-387
-326
-232
-190
-147
-26
102
150
98
162
219
317
328
410
473
579
664
787
916
1004
972
946
879
807
623
438
281
45
-237
-471
-622
-778
-910
-912
-905
-932
-882
-738
-537
-451
-300
-141
-14
37
103
185
203
193
225
244
257
250
329
401
424
466
522
571
551
530
517
438
320
165
37
-111
-294
-405
-528
-651
-788
-851
-854
-873
-842
-810
-755
-698
-652
-553
-490
-442
-403
-363
-338
-362
-324
-283
-242
-222
-177
-114
-58
19
103
199
291
355
431
506
613
703
812
921
1020
1118
1240
1349
1433
1555
1458
1253
1001
970
702
253
-167
-374
-775
-1189
-1405
-1471
-1632
-1641
-1470
-1363
-1295
-1036
-569
-340
-250
-52
219
343
361
436
547
519
525
546
550
517
586
740
767
709
740
832
822
684
608
489
297
23
-219
-454
-689
-871
-989
-1121
-1252
-1236
-1071
-941
-809
-621
-389
-140
34
224
356
451
495
490
426
326
247
175
60
-100
-246
-303
-358
-425
-493
-520
-533
-597
-659
-709
-759
-804
-838
-882
-915
-893
-812
-709
-577
-417
-155
134
409
701
1018
1376
1700
2016
2321
2585
2684
2705
2551
2308
1997
1702
1233
612
-2
-479
-1002
-1484
-1818
-1986
-2114
-2154
-2087
-1967
-1764
-1484
-1117
-888
-735
-542
-297
-137
-37
88
272
361
476
619
798
987
1201
1392
1502
1572
1627
1668
1614
1412
1198
919
583
178
-216
-555
-899
-1203
-1446
-1646
-1741
-1707
-1588
-1442
-1275
-1027
-773
-507
-303
-81
103
256
321
330
337
353
361
320
239
188
128
101
58
-22
-98
-155
-264
-412
-553
-701
-813
-980
-1153
-1283
-1363
-1371
-1323
-1222
-1084
-865
-555
-242
113
465
878
1241
1572
1848
2154
2446
2728
2851
2837
2702
2535
2261
1925
1509
1016
451
-146
-672
-1213
-1620
-1920
-2107
-2276
-2382
-2352
-2190
-1992
-1732
-1475
-1208
-1012
-755
-487
-251
-26
212
450
608
759
967
1219
1416
1527
1662
1736
1749
1757
1693
1574
1357
1080
766
385
-10
-373
-693
-1006
-1325
-1549
-1708
-1761
-1744
-1646
-1505
-1346
-1135
-913
-648
-455
-264
-99
35
103
109
124
175
148
100
38
-6
-55
-86
-91
-140
-185
-262
-323
-454
-551
-656
-775
-918
-1036
-1126
-1120
-1094
-968
-816
-596
-309
-12
356
703
1066
1416
1778
2103
2456
2719
2896
2960
2947
2804
2485
2095
1721
1204
551
-105
-658
-1159
-1650
-1984
-2184
-2337
-2424
-2335
-2159
-1998
-1763
-1424
-1122
-928
-737
-455
-234
-69
100
298
457
607
828
1047
1217
1387
1570
1726
1761
1763
1767
1697
1494
1217
940
568
154
-257
-616
-974
-1317
-1550
-1721
-1858
-1867
-1750
-1572
-1422
-1276
-1068
-854
-719
-597
-474
-419
-432
-422
-416
-404
-414
-358
-320
-287
-262
-187
-121
-99
-94
-114
-153
-233
-341
-439
-536
-644
-705
-738
-737
-687
-532
-332
-119
133
409
745
1079
1404
1733
2095
2415
2690
2812
2928
2939
2707
2303
1941
1602
1019
236
-406
-888
-1474
-1975
-2264
-2380
-2557
-2547
-2364
-2115
-1969
-1626
-1159
-868
-756
-509
-191
-6
45
215
416
491
572
762
986
1103
1275
1532
1672
1673
1684
1756
1687
1423
1161
899
514
30
-377
-719
-1124
-1511
-1705
-1846
-1984
-1965
-1789
-1657
-1555
-1409
-1176
-998
-909
-800
-714
-669
-691
-657
-606
-590
-580
-488
-397
-358
-308
-195
-130
-104
-117
-114
-169
-298
-380
-465
-547
-657
-681
-661
-625
-535
-372
-172
9
211
468
728
955
1191
1470
1753
2082
2411
2683
2783
2817
2819
2640
2282
1887
1503
948
183
-500
-1051
-1580
-2125
-2439
-2596
-2754
-2752
-2568
-2278
-2007
-1661
-1187
-827
-583
-341
-14
256
349
482
623
673
744
857
1037
1139
1255
1415
1533
1586
1575
1645
1572
1367
1111
812
465
19
-375
-745
-1169
-1506
-1774
-1962
-2104
-2148
-2073
-1995
-1900
-1761
-1535
-1347
-1186
-1017
-857
-730
-647
-536
-442
-358
-298
-241
-188
-178
-185
-161
-164
-200
-253
-273
-306
-377
-421
-452
-445
-451
-399
-337
-264
-172
-58
96
201
341
503
657
786
836
899
1055
1210
1342
1422
1507
1706
1919
2191
2215
1931
1711
1616
1452
997
473
21
-476
-1019
-1484
-1882
-2207
-2350
-2226
-2235
-2234
-2006
-1477
-978
-704
-325
104
411
655
872
1055
1094
1108
1172
1120
1010
939
1050
1056
953
913
945
988
907
859
822
688
483
251
35
-291
-564
-760
-1016
-1343
-1606
-1713
-1765
-1871
-1881
-1794
-1666
-1568
-1394
-1201
-1026
-823
-623
-447
-386
-337
-240
-209
-275
-364
-448
-517
-649
-753
-821
-864
-915
-933
-915
-908
-845
-762
-660
-593
-520
-387
-280
-155
-31
154
349
527
774
1049
1346
1693
2104
2606
3009
3194
3242
3150
2980
2619
2106
1483
685
-270
-1221
-2127
-2948
-3608
-3990
-4258
-4373
-4295
-3960
-3439
-2896
-2299
-1708
-1179
-724
-290
129
439
629
758
820
828
833
919
1065
1197
1321
1452
1577
1662
1735
1783
1703
1500
1187
815
365
-110
-556
-1008
-1454
-1962
-2433
-2849
-3184
-3358
-3246
-2876
-2452
-2083
-1693
-1311
-933
-578
-222
57
253
433
579
665
735
786
725
502
236
83
31
-92
-512
-1066
-1381
-1319
-1153
-1112
-1215
-1440
-1726
-1979
-2161
-2251
-2225
-2058
-1807
-1540
-1219
-857
-476
-75
309
686
1017
1364
1703
2062
2420
2741
2954
3107
2987
2591
2099
1787
1416
632
-357
-1123
-1757
-2424
-3009
-3246
-3376
-3419
-3287
-3038
-2730
-2340
-1711
-1078
-738
-518
-186
187
422
530
686
799
828
868
988
1130
1288
1493
1710
1803
1815
1888
1994
1919
1701
1440
1126
702
229
-179
-563
-968
-1312
-1576
-1786
-1921
-1865
-1690
-1567
-1396
-1152
-793
-511
-280
-6
264
459
583
684
721
695
661
565
415
255
135
62
-66
-201
-333
-410
-522
-661
-728
-749
-784
-848
-880
-869
-820
-753
-651
-559
-435
-258
0
246
517
815
1181
1517
1778
2073
2432
2826
3301
3662
3763
3497
3118
2894
2567
1875
947
85
-759
-1694
-2607
-3203
-3632
-3801
-3877
-3754
-3618
-3205
-2497
-1763
-1228
-851
-405
83
409
666
878
1065
1162
1210
1290
1359
1501
1699
1902
1986
1999
2067
2142
2128
1991
1758
1496
1043
527
-9
-521
-1018
-1509
-1921
-2371
-2632
-2691
-2574
-2439
-2281
-1962
-1585
-1242
-946
-674
-340
-107
54
154
220
330
445
615
667
692
698
610
422
100
-201
-455
-713
-850
-918
-792
-689
-637
-656
-730
-790
-840
-810
-751
-656
-479
-266
-29
189
459
827
1119
1405
1641
2027
2433
2912
3371
3746
3785
3462
3130
2951
2645
1903
896
43
-818
-1776
-2586
-3129
-3399
-3677
-3671
-3643
-3489
-3098
-2446
-1741
-1426
-1206
-902
-612
-433
-425
-308
-215
-257
-289
-263
-110
12
233
481
568
587
627
761
742
505
170
-177
-529
-1033
-1480
-1802
-2128
-2553
-3114
-3605
-4050
-4262
-4167
-4003
-3784
-3456
-3026
-2774
-2774
-2890
-2983
-2931
-2861
-2468
-1850
-1525
-1424
-1565
-1946
-2584
-3271
-3692
-3791
-3592
-3326
-3109
-3066
-3229
-3354
-3370
-3291
-3206
-3082
-2919
-2744
-2591
-2446
-2258
-2055
-1779
-1386
-931
-462
92
674
1254
1701
2141
2557
3022
3468
3699
3598
3163
2720
2371
1811
870
-222
-1203
-2102
-3085
-3856
-4357
-4519
-4563
-4415
-4185
-3818
-3192
-2353
-1575
-1040
-612
-89
367
670
860
1058
1217
1230
1282
1338
1461
1649
1868
2059
2122
2180
2296
2389
2369
2194
1975
1659
1196
689
178
-261
-706
-1128
-1474
-1792
-1870
-1769
-1527
-1399
-1315
-1209
-1046
-836
-570
-205
222
570
844
1033
1172
1263
1286
1268
1128
981
858
788
703
615
588
546
494
404
334
340
298
234
167
114
111
158
241
331
479
701
931
1199
1475
1884
2263
2636
2995
3398
3821
4328
4822
5039
4829
4437
4230
4004
3341
2365
1429
541
-418
-1383
-2040
-2509
-2742
-2782
-2673
-2563
-2262
-1558
-772
-260
60
426
886
1172
1323
1477
1584
1609
1560
1578
1599
1705
1934
2168
2304
2334
2462
2657
2719
2619
2411
2170
1761
1237
712
187
-313
-789
-1210
-1542
-1795
-1740
-1560
-1362
-1174
-860
-448
-126
142
322
544
685
745
762
801
864
931
905
838
701
647
637
599
516
434
406
364
307
240
232
216
127
39
13
43
174
281
337
413
533
668
811
877
970
1127
1383
1697
2100
2549
3118
3682
4004
3862
3503
3312
3159
2577
1566
618
-272
-1183
-2136
-2840
-3280
-3528
-3543
-3397
-3260
-2914
-2165
-1219
-585
-153
343
936
1398
1650
1885
2074
2192
2213
2233
2248
2306
2494
2695
2766
2741
2755
2890
2916
2752
2512
2218
1830
1258
682
137
-408
-917
-1403
-1830
-2151
-2261
-2143
-1966
-1803
-1558
-1182
-791
-486
-197
98
301
354
304
222
66
-112
-344
-657
-1047
-1362
-1526
-1639
-1723
-1745
-1630
-1491
-1374
-1254
-1060
-849
-649
-517
-355
-207
-29
166
359
557
734
974
1251
1538
1827
2175
2552
2917
3237
3573
3936
4387
4828
5106
4978
4538
4173
3928
3470
2526
1433
507
-374
-1357
-2191
-2709
-2973
-3157
-3122
-3046
-2842
-2332
-1543
-859
-533
-208
276
747
1068
1257
1463
1583
1599
1605
1618
1706
1819
2024
2165
2170
2181
2279
2405
2323
2112
1830
1461
995
436
-84
-591
-1113
-1578
-2002
-2339
-2468
-2407
-2210
-2037
-1789
-1434
-995
-592
-241
117
414
592
677
733
763
742
693
582
390
183
37
-48
-173
-324
-426
-506
-569
-629
-644
-592
-556
-525
-482
-397
-278
-100
94
275
481
679
946
1222
1513
1852
2212
2546
2903
3222
3680
4127
4512
4537
4165
3796
3575
3260
2448
1439
539
-303
-1251
-2089
-2656
-2953
-3169
-3074
-2931
-2674
-2146
-1304
-454
40
421
950
1450
1778
1938
2119
2218
2197
2205
2193
2238
2314
2480
2610
2592
2560
2611
2740
2686
2465
2211
1860
1413
854
309
-186
-727
-1225
-1712
-2094
-2334
-2362
-2206
-2078
-1859
-1507
-1012
-570
-243
84
403
612
695
680
695
649
580
449
233
48
-104
-206
-350
-530
-686
-797
-913
-1121
-1300
-1463
-1621
-1763
-1850
-1866
-1831
-1733
-1541
-1358
-1155
-942
-653
-375
-62
313
714
1103
1422
1779
2148
2548
3067
3465
3736
3591
3249
2933
2630
2099
1173
154
-653
-1456
-2229
-2878
-3251
-3459
-3589
-3480
-3349
-3008
-2479
-1765
-1154
-810
-435
63
512
813
981
1196
1292
1337
1376
1419
1495
1539
1670
1686
1609
1530
1477
1435
1192
885
555
215
-132
-561
-939
-1307
-1689
-2024
-2342
-2495
-2534
-2346
-2124
-1936
-1652
-1255
-726
-337
-13
321
619
815
915
976
988
965
915
765
602
444
379
328
194
61
-42
-78
-118
-175
-208
-218
-252
-294
-296
-290
-225
-101
1
117
279
506
801
1090
1365
1698
2065
2437
2768
3120
3491
3907
4195
4362
4315
4035
3702
3419
3045
2322
1378
595
-81
-837
-1556
-2009
-2245
-2488
-2526
-2428
-2164
-1810
-1238
-652
-310
-15
411
857
1152
1266
1412
1527
1572
1592
1618
1725
1789
1904
1987
2003
2018
2046
2128
2060
1856
1582
1288
933
450
-2
-455
-962
-1452
-1879
-2162
-2332
-2361
-2262
-2142
-1975
-1727
-1302
-879
-578
-289
-1
229
315
385
411
376
301
199
60
-118
-249
-293
-360
-495
-621
-668
-677
-707
-749
-781
-789
-849
-874
-865
-830
-788
-697
-585
-444
-280
-34
257
560
851
1193
1528
1870
2220
2619
3007
3297
3501
3644
3569
3252
2923
2677
2253
1444
617
-5
-623
-1348
-1887
-2194
-2448
-2626
-2552
-2345
-2097
-1728
-1130
-620
-330
-40
401
760
896
932
989
958
865
819
844
865
913
1070
1243
1370
1450
1584
1735
1681
1497
1322
1154
850
465
99
-287
-716
-1113
-1404
-1629
-1801
-1827
-1702
-1582
-1419
-1107
-742
-421
-168
145
418
556
598
677
699
642
547
445
307
166
70
6
-77
-196
-228
-232
-276
-341
-381
-380
-459
-542
-568
-599
-595
-616
-558
-490
-395
-251
-67
181
424
709
1029
1357
1711
2048
2444
2801
3081
3313
3499
3610
3419
3082
2727
2476
1947
1157
423
-129
-780
-1388
-1832
-2103
-2372
-2433
-2303
-2109
-1927
-1557
-979
-558
-313
-13
421
773
950
1105
1297
1403
1495
1616
1735
1789
1889
2033
2130
2125
2123
2219
2243
2113
1913
1714
1488
1132
746
391
-36
-482
-846
-1138
-1410
-1604
-1620
-1552
-1468
-1352
-1058
-694
-442
-202
95
385
520
606
709
747
681
631
565
436
279
223
153
34
-59
-95
-88
-172
-236
-268
-291
-362
-470
-528
-601
-674
-714
-730
-735
-720
-608
-453
-324
-150
76
349
594
847
1144
1453
1791
2080
2336
2498
2711
2854
2665
2330
2048
1852
1396
654
-3
-508
-1077
-1668
-2090
-2385
-2675
-2741
-2667
-2568
-2480
-2175
-1633
-1286
-1101
-790
-363
-15
133
320
523
628
724
831
922
944
1035
1200
1297
1306
1335
1493
1595
1524
1408
1312
1164
879
549
220
-214
-695
-1157
-1565
-1986
-2309
-2396
-2413
-2421
-2381
-2083
-1737
-1449
-1195
-916
-643
-453
-282
-163
-144
-139
-146
-188
-305
-441
-468
-497
-583
-703
-727
-683
-672
-673
-652
-636
-649
-676
-702
-768
-814
-832
-822
-845
-836
-730
-575
-419
-260
-51
235
503
756
1017
1318
1603
1874
2175
2373
2552
2682
2831
2792
2516
2150
1931
1681
1110
427
-90
-555
-1100
-1575
-1882
-2132
-2354
-2324
-2221
-2148
-2011
-1593
-1136
-917
-735
-394
-12
227
330
531
664
747
851
945
1016
1033
1172
1286
1313
1298
1342
1477
1455
1316
1176
1066
882
597
322
38
-310
-642
-925
-1164
-1437
-1571
-1566
-1574
-1591
-1482
-1179
-932
-735
-479
-177
63
207
355
486
530
518
483
407
261
145
100
-13
-188
-317
-350
-397
-485
-527
-550
-583
-666
-733
-778
-862
-932
-1005
-1073
-1159
-1206
-1144
-1085
-1015
-915
-701
-475
-255
-23
239
529
740
982
1205
1413
1588
1822
1972
2080
2093
2207
2200
1924
1586
1396
1194
737
144
-291
-663
-1167
-1576
-1845
-2078
-2316
-2293
-2199
-2151
-2075
-1739
-1308
-1081
-911
-560
-205
43
209
433
591
682
785
889
933
911
968
1054
1026
961
931
992
934
760
620
504
314
54
-176
-417
-728
-1003
-1222
-1426
-1660
-1782
-1742
-1730
-1722
-1616
-1346
-1111
-920
-660
-362
-99
104
312
463
511
544
572
522
375
219
136
-13
-210
-385
-489
-573
-683
-737
-781
-813
-843
-855
-847
-892
-934
-919
-938
-986
-1016
-998
-967
-952
-918
-823
-711
-623
-509
-388
-257
-145
-39
106
206
353
531
698
826
982
1142
1264
1317
1380
1441
1292
1025
847
759
434
-39
-468
-740
-1151
-1569
-1841
-2022
-2268
-2334
-2240
-2151
-2057
-1780
-1353
-1070
-888
-576
-202
100
280
466
649
714
781
835
860
817
796
819
787
682
630
663
652
526
422
365
284
112
-73
-236
-459
-693
-878
-1044
-1226
-1383
-1392
-1403
-1429
-1397
-1233
-1025
-861
-673
-432
-194
0
171
308
402
454
497
488
389
240
159
2
-219
-435
-590
-721
-903
-1071
-1153
-1247
-1312
-1357
-1387
-1421
-1452
-1436
-1446
-1470
-1488
-1438
-1375
-1357
-1305
-1200
-1058
-890
-728
-519
-286
-72
119
307
492
681
847
975
1085
1177
1264
1401
1470
1531
1586
1660
1664
1484
1269
1131
1012
654
226
-137
-430
-804
-1128
-1389
-1595
-1792
-1794
-1737
-1687
-1590
-1287
-948
-726
-529
-198
119
359
533
712
843
900
970
1014
1001
959
984
989
942
864
847
867
836
712
631
555
453
287
125
-73
-297
-520
-708
-908
-1102
-1219
-1238
-1277
-1297
-1202
-990
-789
-593
-360
-111
122
308
512
652
738
796
845
795
684
603
512
336
103
-92
-224
-411
-608
-751
-875
-963
-1039
-1110
-1156
-1166
-1172
-1161
-1146
-1134
-1083
-1004
-937
-888
-809
-690
-555
-445
-320
-159
-15
127
258
389
508
628
748
833
877
935
1004
1049
1072
1110
1196
1277
1343
1400
1494
1413
1229
1096
1062
850
475
89
-191
-544
-930
-1203
-1408
-1630
-1754
-1702
-1685
-1607
-1396
-1015
-743
-541
-250
118
381
589
739
891
935
975
997
987
916
852
826
774
691
645
659
656
584
497
466
421
311
161
46
-105
-310
-503
-672
-853
-1018
-1087
-1146
-1204
-1167
-1023
-817
-667
-469
-215
54
285
495
685
834
918
979
1001
963
875
787
658
495
345
189
68
-105
-245
-360
-461
-570
-647
-692
-714
-751
-773
-783
-775
-767
-730
-693
-665
-612
-528
-425
-353
-257
-140
-14
69
142
238
337
413
470
514
534
549
553
554
530
515
494
517
527
593
676
817
934
1092
1170
1111
1056
1050
1033
787
451
165
-53
-421
-715
-960
-1163
-1391
-1424
-1458
-1407
-1302
-1026
-763
-600
-372
-67
229
423
549
645
742
750
733
692
667
576
535
480
430
376
385
434
437
404
390
429
405
329
253
155
26
-155
-321
-477
-625
-751
-841
-924
-962
-910
-789
-674
-560
-384
-156
63
242
418
560
664
716
754
750
693
620
544
435
302
186
73
-10
-99
-193
-273
-321
-378
-434
-462
-522
-560
-616
-627
-687
-721
-731
-716
-739
-710
-677
-613
-530
-444
-339
-231
-111
-2
107
203
281
335
376
393
395
379
370
311
250
214
186
155
128
117
118
179
251
377
517
677
810
800
769
765
819
703
489
238
62
-174
-418
-627
-778
-932
-987
-1013
-1027
-940
-774
-546
-413
-265
-67
158
344
452
493
528
521
512
443
394
317
257
202
140
107
119
176
212
194
215
288
334
357
334
318
276
191
75
-36
-152
-259
-362
-457
-528
-565
-520
-462
-419
-347
-234
-82
54
162
256
340
398
433
415
384
344
286
224
132
37
-8
-31
-63
-105
-112
-79
-65
-52
-64
-54
-95
-139
-194
-295
-435
-548
-687
-836
-966
-1078
-1148
-1200
-1207
-1185
-1103
-1023
-885
-737
-597
-438
-322
-199
-77
20
89
131
152
134
108
87
46
-4
-41
-65
-100
-108
-80
-41
-16
44
93
155
220
269
326
361
369
377
399
393
383
359
327
279
241
190
123
71
-6
-82
-163
-243
-336
-421
-491
-556
-625
-660
-703
-742
-750
-748
-732
-712
-692
-638
-582
-520
-427
-361
-284
-210
-137
-64
7
83
138
183
241
284
312
354
381
389
433
456
457
488
510
537
559
601
632
676
710
742
781
776
771
710
648
546
422
260
102
-53
-224
-370
-510
-614
-692
-735
-761
-760
-730
-655
-564
-475
-390
-300
-212
-140
-80
-57
-19
-4
-12
-10
-6
-2
-11
-2
13
21
60
93
130
162
193
234
261
264
261
290
296
296
319
356
411
488
581
586
548
561
604
600
483
377
280
173
4
-117
-257
-363
-479
-530
-608
-621
-587
-510
-461
-415
-314
-179
-49
38
116
175
263
320
337
359
375
347
352
325
321
309
337
348
330
328
369
401
392
379
361
334
286
237
179
109
32
-55
-143
-237
-299
-330
-341
-344
-335
-289
-221
-163
-123
-53
5
45
81
101
108
105
80
37
-9
-65
-87
-136
-172
-192
-204
-172
-164
-146
-97
-68
-25
-10
-11
0
-11
-24
-37
-89
-134
-160
-191
-221
-261
-288
-290
-289
-272
-246
-206
-167
-121
-81
-38
2
38
56
80
119
104
122
117
108
122
107
70
51
11
-3
-36
-63
-98
-109
-145
-169
-183
-200
-225
-229
-208
-220
-206
-183
-176
-168
-138
-124
-100
-75
-48
-32
-4
26
38
52
80
81
95
94
73
58
52
45
19
-8
-41
-73
-85
-97
-121
-148
-156
-163
-167
-159
-159
-165
-137
-124
-126
-124
-109
-115
-136
-143
-164
-172
-187
-207
-244
-263
-302
-320
-333
-345
-358
-343
-329
-344
-340
-341
-325
-318
-299
-274
-285
-271
-265
-239
-218
-205
-186
-182
-164
-150
-120
-101
-86
-70
-32
-4
17
40
57
95
103
120
126
140
145
145
132
136
137
120
127
115
115
95
78
52
28
11
-8
-48
-73
-119
-186
-208
-244
-295
-327
-377
-409
-445
-483
-500
-523
-548
-552
-544
-538
-522
-510
-498
-472
-433
-418
-374
-354
-355
-360
-342
-330
-342
-344
-336
-334
-343
-339
-351
-366
-386
-396
-375
-318
-263
-206
-128
-55
15
88
163
223
277
344
390
443
476
506
541
535
520
463
395
291
163
65
-45
-129
-163
-210
-259
-263
-257
-259
-248
-216
-213
-195
-153
-111
-65
-6
63
107
167
228
265
318
349
359
357
356
346
327
288
222
137
34
-82
-168
-228
-256
-254
-240
-227
-223
-210
-214
-239
-256
-271
-298
-317
-327
-309
-289
-252
-182
-120
-60
4
65
110
134
135
144
143
129
101
68
40
9
-26
-70
-121
-179
-221
-269
-310
-346
-373
-393
-413
-410
-406
-403
-387
-375
-347
-316
-291
-246
-212
-191
-153
-136
-113
-88
-63
-33
-20
-8
-1
14
30
43
49
52
55
47
11
-45
-87
-130
-214
-262
-325
-369
-396
-441
-462
-478
-503
-510
-489
-466
-397
-329
-250
-203
-155
-125
-116
-102
-92
-77
-74
-58
-60
-48
-45
-31
-9
-11
-2
7
2
-1
-20
-29
-63
-109
-122
-151
-168
-191
-210
-217
-230
-227
-237
-235
-229
-230
-228
-227
-228
-224
-216
-201
-184
-164
-139
-106
-109
-109
-89
-78
-72
-76
-64
-49
-34
-21
-15
-5
5
-3
29
61
84
98
111
123
136
151
138
139
150
142
121
129
129
106
85
71
55
44
51
59
60
63
74
80
103
131
140
152
166
159
145
156
133
130
112
113
89
58
60
26
14
-27
-31
-50
-43
-36
-26
-8
10
49
69
103
123
143
159
187
200
212
205
207
210
205
211
219
222
206
211
215
225
227
224
234
248
246
252
257
252
258
255
257
268
257
264
258
261
277
263
271
286
290
300
307
318
338
349
353
356
341
338
330
329
332
331
334
316
291
295
284
248
237
212
205
187
171
165
137
122
118
115
117
123
136
162
184
207
232
260
286
298
325
330
345
363
371
389
389
396
386
392
401
394
384
370
369
359
355
356
358
351
353
357
343
337
328
322
315
318
317
314
317
311
314
297
283
284
293
279
276
271
248
261
273
262
236
236
233
234
231
227
227
223
225
232
232
229
208
220
239
232
230
230
234
231
233
233
238
246
251
254
260
258
250
250
252
247
244
250
244
232
221
207
202
216
223
215
212
217
213
213
219
212
215
210
210
213
222
220
220
217
228
227
214
218
207
215
241
242
233
229
229
229
235
227
223
232
239
228
218
215
199
193
199
181
170
178
161
153
145
151
147
123
123
121
114
118
121
131
132
136
148
167
186
184
173
163
157
159
167
176
160
159
160
170
166
153
166
157
145
130
128
128
114
114
109
111
120
120
128
136
138
141
150
146
153
170
172
174
187
206
207
204
209
205
202
188
199
203
185
187
180
175
173
172
171
163
168
169
161
158
144
137
125
121
118
119
116
119
133
129
127
125
115
108
98
95
98
94
104
89
83
84
85
89
84
78
62
64
57
56
58
63
60
55
51
51
52
50
53
46
39
39
38
49
45
44
50
46
64
74
59
54
62
56
62
77
75
72
62
60
72
75
68
65
54
56
60
42
37
37
41
44
48
49
36
30
38
49
48
41
40
40
32
27
19
17
14
18
17
22
29
23
24
8
6
7
3
0
-3
-15
-21
-38
-38
-33
-49
-43
-45
-54
-56
-60
-66
-69
-67
-93
-95
-89
-93
-103
-117
-116
-113
-108
-117
-107
-104
-113
-104
-109
-109
-99
-97
-88
-98
-96
-88
-102
-99
-103
-111
-94
-83
-97
-97
-102
-95
-94
-102
-92
-98
-97
-97
-89
-88
-94
-88
-108
-99
-112
-98
-102
-105
-97
-101
-98
-92
-71
-89
-81
-87
-80
-87
-85
-62
-70
-54
-48
-40
-28
-23
-26
-21
-14
-11
-8
-3
8
9
2
3
-6
-11
-13
-18
-10
-27
-37
-31
-18
-5
-7
-9
-2
-10
-1
-17
-22
-23
-34
-25
-28
-31
-34
-27
-22
-25
-28
-27
-16
-17
-24
-22
-31
-30
-33
-26
-35
-40
-57
-69
-48
-69
-66
-77
-64
-82
-66
-59
-66
-43
-27
-19
-12
9
12
21
25
18
9
2
-8
-26
-52
-66
-93
-117
-106
-107
-109
-112
-113
-119
-112
-97
-101
-96
-95
-86
-70
-72
-69
-63
-60
-63
-60
-56
-60
-50
-48
-51
-53
-65
-62
-70
-70
-70
-58
-59
-80
-75
-86
-64
-48
-48
-50
-59
-49
-54
-42
-34
-18
8
15
22
28
27
26
27
29
15
12
4
-7
-27
-40
-60
-66
-72
-81
-84
-97
-103
-108
-106
-104
-111
-119
-113
-107
-105
-99
-98
-105
-99
-81
-73
-77
-77
-89
-90
-93
-98
-98
-101
-113
-112
-107
-111
-122
-132
-126
-124
-123
-124
-132
-120
-128
-124
-119
-112
-93
-87
-86
-78
-82
-90
-87
-80
-92
-94
-88
-85
-80
-75
-80
-82
-70
-72
-70
-86
-94
-99
-95
-93
-91
-97
-82
-74
-76
-81
-74
-68
-73
-72
-74
-74
-68
-59
-60
-71
-60
-63
-68
-49
-52
-58
-53
-65
-71
-73
-67
-59
-64
-51
-50
-54
-57
-61
-55
-48
-48
-52
-39
-35
-34
-34
-31
-33
-42
-49
-41
-52
-52
-51
-65
-67
-68
-54
-59
-58
-51
-63
-59
-55
-40
-47
-32
-40
-48
-31
-40
-39
-40
-29
-37
-32
-27
-31
-26
-35
-48
-51
-62
-57
-57
-47
-49
-49
-58
-56
-53
-62
-63
-66
-62
-56
-57
-59
-59
-60
-46
-41
-30
-15
-29
-28
-43
-45
-41
-46
-49
-52
-44
-44
-38
-42
-41
-39
-37
-44
-44
-46
-44
-41
-39
-48
-41
-25
-42
-34
-37
-38
-42
-59
-50
-56
-56
-48
-47
-47
-50
-56
-46
-39
-39
-44
-42
-40
-46
-35
-28
-28
-33
-33
-46
-44
-54
-67
-65
-60
-54
-62
-49
-57
-62
-62
-52
-49
-48
-37
-32
-48
-64
-59
-53
-46
-57
-62
-71
-74
-56
-76
-79
-64
-67
-66
-56
-50
-44
-42
-43
-42
-52
-44
-48
-33
-40
-51
-48
-54
-50
-59
-59
-49
-40
-38
-37
-37
-33
-38
-46
-32
-35
-24
-35
-39
-37
-42
-34
-40
-42
-43
-55
-58
-57
-62
-48
-52
-61
-59
-62
-59
-63
-68
-62
-69
-62
-65
-59
-53
-61
-54
-36
-23
-29
-40
-31
-45
-43
-47
-40
-38
-48
-46
-48
-45
-46
-29
-24
-24
-25
-30
-32
-25
-29
-22
-22
-14
-18
-29
-35
-33
-28
-28
-47
-44
-29
-23
-4
-8
-5
-20
-22
-24
-8
-18
-29
-20
-22
-20
-20
-8
-23
-25
-29
-35
-43
-37
-38
-30
-40
-48
-52
-49
-42
-47
-46
-56
-50
-55
-54
-37
-36
-38
-34
-32
-10
-9
1
-4
-14
-10
-23
-22
-23
-26
-33
-35
-29
-31
-41
-54
-54
-55
-59
-51
-54
-58
-57
-68
-60
-47
-42
-48
-49
-43
-29
-26
-33
-27
-39
-38
-34
-40
-34
-31
-38
-49
-50
-47
-63
-51
-51
-54
-65
-68
-61
-64
-56
-49
-45
-42
-53
-65
-61
