SAMPLES:	4302
BITSPERSAMPLE:	16
CHANNELS:	1
SAMPLERATE:	16000
NORMALIZED:	FALSE
7
-7
1
10
12
19
23
20
28
22
18
22
18
17
23
38
34
28
32
17
16
16
17
14
12
17
30
18
19
29
21
21
22
29
20
16
18
26
26
18
30
24
26
23
14
17
17
21
31
29
25
23
33
20
9
16
16
14
13
8
7
5
-9
11
14
12
22
2
10
17
3
13
3
16
25
17
2
8
-2
-13
-8
-33
-25
-39
-14
-30
-30
-31
-26
-33
-35
-20
-34
-26
-31
-40
-44
-30
-25
-20
-21
-20
-12
-14
-17
-20
-15
-21
-17
-8
0
8
27
34
40
56
47
54
47
49
52
76
82
105
113
93
108
106
98
82
94
59
81
54
44
19
2
1
-17
-20
-43
-47
-65
-73
-69
-87
-84
-69
-77
-78
-60
-51
-44
-52
-56
-60
-75
-75
-91
-95
-123
-127
-135
-153
-133
-114
-94
-78
-68
-33
-19
19
41
69
99
119
161
186
223
245
247
249
261
255
259
233
215
198
178
152
113
96
69
62
12
-16
-43
-57
-73
-75
-81
-90
-88
-104
-103
-107
-99
-101
-108
-101
-86
-83
-68
-53
-69
-76
-91
-75
-79
-66
-75
-73
-79
-80
-101
-101
-83
-74
-90
-75
-72
-53
-15
-3
27
39
80
99
130
152
197
221
243
245
261
260
247
261
220
208
167
153
112
72
36
-13
-25
-48
-60
-73
-72
-67
-74
-85
-58
-69
-59
-61
-48
-41
-58
-59
-77
-73
-87
-80
-86
-101
-93
-93
-109
-112
-110
-106
-94
-110
-103
-107
-90
-102
-83
-90
-90
-84
-79
-72
-76
-59
-67
-30
-41
-5
-8
47
48
97
115
171
199
235
253
267
277
296
301
289
310
285
255
208
180
121
88
21
-19
-64
-93
-152
-178
-209
-234
-256
-284
-306
-320
-338
-317
-335
-337
-334
-344
-343
-314
-306
-304
-276
-253
-214
-181
-128
-80
-19
22
78
116
169
207
228
247
258
276
276
291
279
268
255
235
211
176
139
97
58
18
-5
-40
-78
-81
-79
-59
-60
-18
39
104
170
195
239
281
296
308
326
277
246
199
142
67
7
-46
-83
-135
-172
-203
-200
-193
-163
-160
-164
-139
-136
-136
-140
-142
-167
-186
-239
-267
-311
-342
-365
-405
-431
-439
-413
-412
-376
-313
-256
-207
-149
-103
-29
18
76
90
105
120
148
152
151
155
146
133
130
124
119
167
201
235
253
325
379
470
532
613
610
615
627
624
566
525
417
333
224
111
4
-102
-158
-234
-304
-394
-417
-422
-392
-373
-328
-313
-297
-273
-247
-239
-197
-196
-228
-264
-288
-325
-348
-343
-362
-396
-387
-346
-337
-293
-228
-168
-136
-75
-46
-10
24
39
39
1
-26
-44
-89
-142
-168
-218
-252
-261
-268
-257
-209
-146
-95
-34
41
130
226
313
406
496
582
646
735
807
816
812
788
771
692
680
539
512
386
295
176
101
16
-42
-114
-197
-248
-281
-313
-319
-329
-354
-350
-416
-408
-418
-404
-433
-418
-473
-462
-461
-424
-398
-361
-342
-297
-237
-186
-125
-84
13
20
35
39
75
80
74
68
24
-1
-38
-65
-126
-165
-200
-234
-272
-288
-292
-282
-289
-294
-297
-300
-268
-226
-203
-183
-170
-151
-95
-36
42
127
244
341
440
558
708
841
978
1021
1070
1110
1154
1109
1057
942
842
693
511
367
189
32
-105
-220
-375
-464
-509
-520
-537
-545
-567
-521
-519
-497
-482
-485
-498
-499
-539
-561
-550
-551
-558
-552
-514
-497
-411
-341
-245
-163
-100
1
82
140
217
279
289
283
264
212
156
105
15
-77
-165
-251
-326
-407
-460
-483
-517
-544
-541
-537
-507
-475
-431
-402
-378
-329
-274
-217
-158
-101
-53
33
111
237
371
545
665
818
961
1162
1284
1358
1420
1459
1476
1390
1312
1149
1032
818
636
377
201
-16
-140
-299
-434
-570
-616
-643
-657
-696
-692
-640
-657
-629
-642
-616
-628
-619
-681
-668
-704
-651
-617
-586
-574
-498
-422
-323
-208
-101
45
132
238
305
396
408
459
448
402
317
242
148
51
-67
-187
-270
-377
-473
-529
-560
-578
-616
-623
-624
-611
-589
-539
-501
-499
-464
-395
-332
-285
-221
-142
-66
14
120
244
403
560
729
886
1066
1232
1447
1602
1655
1670
1684
1684
1572
1428
1199
1082
829
589
324
114
-102
-228
-399
-570
-721
-764
-751
-749
-804
-834
-763
-801
-789
-809
-795
-819
-810
-846
-827
-846
-790
-716
-664
-640
-545
-396
-270
-129
0
177
301
388
444
550
580
594
553
483
390
271
191
83
-65
-219
-294
-399
-511
-602
-618
-645
-682
-703
-693
-667
-649
-587
-569
-550
-529
-468
-419
-367
-326
-226
-109
-37
64
230
421
589
783
945
1177
1310
1519
1673
1861
1918
1933
1902
1869
1772
1609
1424
1148
964
629
417
112
-59
-336
-436
-631
-744
-884
-895
-913
-919
-982
-980
-920
-939
-905
-914
-896
-937
-864
-890
-822
-843
-757
-704
-568
-507
-356
-237
-59
94
220
388
514
589
619
695
656
637
556
476
324
200
89
-25
-201
-352
-443
-553
-651
-725
-741
-767
-784
-798
-784
-744
-714
-657
-623
-601
-567
-535
-475
-426
-399
-311
-195
-90
10
204
378
564
740
955
1141
1310
1517
1664
1804
1873
2039
2105
2040
1923
1842
1750
1527
1327
1037
853
555
306
11
-188
-445
-584
-715
-848
-1021
-1094
-1071
-1033
-1082
-1141
-1055
-1050
-1058
-1055
-974
-958
-917
-892
-796
-820
-723
-581
-406
-359
-238
-70
102
246
349
482
589
646
651
678
634
593
487
393
213
61
-58
-127
-277
-445
-522
-577
-668
-753
-782
-775
-800
-819
-804
-786
-779
-726
-681
-671
-670
-632
-544
-459
-409
-313
-148
-20
100
266
462
638
784
953
1139
1282
1448
1617
1736
1797
1914
1960
2100
2043
1933
1816
1733
1588
1445
1182
918
742
439
160
-101
-339
-576
-641
-867
-1028
-1179
-1214
-1189
-1169
-1276
-1244
-1194
-1188
-1119
-1099
-1057
-956
-898
-899
-806
-774
-627
-466
-355
-288
-159
-68
117
240
289
389
453
438
436
430
381
372
259
132
-19
-137
-232
-296
-448
-567
-633
-720
-781
-830
-830
-812
-795
-846
-827
-789
-704
-633
-582
-540
-492
-427
-326
-210
-171
-86
29
127
201
323
450
594
707
833
972
1127
1304
1501
1653
1772
1916
2075
2171
2295
2289
2188
2043
1934
1770
1536
1227
905
660
281
-53
-351
-565
-816
-923
-1123
-1221
-1324
-1352
-1292
-1220
-1266
-1235
-1137
-1078
-1004
-1001
-955
-887
-872
-916
-818
-780
-687
-619
-480
-436
-336
-224
-19
99
162
283
389
405
421
461
453
416
294
205
71
-61
-199
-276
-439
-574
-679
-767
-820
-857
-874
-876
-872
-881
-840
-775
-696
-644
-598
-562
-523
-489
-394
-338
-302
-287
-211
-142
-105
-12
109
242
362
526
680
880
1049
1246
1390
1555
1673
1851
1953
2025
2051
2127
2123
1984
1809
1658
1600
1378
1138
769
599
285
62
-270
-454
-737
-854
-971
-1075
-1225
-1313
-1240
-1202
-1225
-1304
-1186
-1190
-1106
-1149
-1099
-1079
-978
-1022
-929
-924
-875
-760
-612
-504
-454
-333
-194
14
39
176
248
334
292
351
297
263
192
99
-2
-136
-232
-314
-410
-577
-619
-692
-725
-772
-774
-777
-736
-729
-718
-667
-605
-533
-477
-434
-397
-325
-273
-176
-174
-159
-84
30
97
190
367
518
692
831
1038
1227
1417
1583
1738
1844
1903
2020
2051
2087
2054
2103
1978
1856
1651
1539
1359
1135
833
590
428
127
-111
-362
-487
-724
-828
-1016
-1043
-1196
-1212
-1193
-1164
-1249
-1237
-1148
-1138
-1111
-1123
-1070
-1036
-978
-990
-878
-874
-760
-686
-538
-460
-351
-238
-65
22
71
192
249
280
273
322
286
263
177
154
55
-25
-124
-183
-272
-354
-403
-473
-530
-557
-560
-566
-541
-553
-516
-473
-422
-389
-338
-278
-225
-186
-123
-44
-44
-6
55
110
121
200
273
312
383
526
684
817
975
1138
1258
1307
1372
1415
1455
1493
1568
1614
1644
1646
1697
1629
1531
1391
1332
1204
1059
756
589
415
165
-100
-321
-497
-681
-835
-1028
-1116
-1257
-1275
-1254
-1243
-1366
-1309
-1263
-1182
-1175
-1153
-1081
-993
-1005
-984
-907
-878
-777
-719
-624
-609
-523
-459
-287
-268
-223
-147
-81
-111
-85
-58
-68
-89
-187
-247
-347
-427
-490
-518
-670
-740
-777
-823
-869
-862
-852
-785
-743
-733
-650
-547
-410
-321
-230
-132
0
96
238
359
423
513
627
767
910
1142
1317
1447
1552
1642
1719
1799
1856
1938
1994
2039
2110
2178
2168
2174
2137
2027
1884
1774
1648
1452
1133
819
589
304
-5
-278
-522
-764
-925
-1122
-1249
-1344
-1430
-1437
-1401
-1481
-1508
-1469
-1423
-1362
-1345
-1331
-1233
-1201
-1182
-1096
-1052
-967
-846
-729
-651
-572
-480
-293
-174
-123
-45
55
66
98
106
83
46
-42
-115
-193
-306
-395
-458
-577
-674
-722
-760
-748
-748
-741
-666
-591
-552
-478
-371
-280
-206
-142
-55
36
97
181
261
270
296
394
483
537
607
745
899
1041
1190
1306
1436
1501
1666
1737
1818
1910
2001
2049
2062
2079
1984
1863
1703
1600
1414
1240
900
687
457
206
-95
-309
-540
-724
-895
-1083
-1154
-1306
-1377
-1364
-1329
-1424
-1393
-1358
-1292
-1273
-1252
-1206
-1075
-1076
-1026
-920
-867
-763
-675
-575
-508
-406
-337
-146
-97
-68
27
126
126
144
142
127
82
-48
-140
-216
-319
-425
-494
-628
-713
-765
-778
-775
-766
-728
-643
-591
-566
-458
-330
-219
-145
-46
65
191
264
381
441
477
566
732
871
999
1125
1256
1404
1511
1639
1760
1857
1914
2033
2099
2193
2220
2257
2300
2264
2152
2033
1907
1760
1557
1246
1019
788
527
240
45
-189
-351
-487
-625
-744
-831
-886
-880
-878
-964
-947
-957
-930
-928
-959
-1005
-943
-976
-976
-966
-948
-889
-807
-749
-680
-583
-481
-316
-233
-169
-63
37
35
74
56
27
-13
-99
-228
-327
-429
-507
-586
-722
-796
-824
-857
-838
-803
-768
-689
-577
-511
-422
-310
-187
-91
-56
-18
48
72
114
173
179
255
355
445
512
608
716
820
952
1095
1219
1350
1481
1608
1706
1805
1914
1948
2021
2017
1915
1802
1707
1555
1389
1088
775
554
283
-24
-279
-528
-742
-887
-1088
-1214
-1327
-1408
-1444
-1413
-1481
-1485
-1448
-1408
-1346
-1346
-1357
-1260
-1182
-1187
-1111
-1049
-952
-838
-708
-600
-492
-403
-231
-80
-36
38
142
170
182
196
155
119
81
-20
-125
-229
-336
-415
-515
-632
-694
-745
-755
-745
-741
-716
-629
-589
-563
-463
-382
-274
-230
-157
-91
-21
38
135
174
196
255
359
435
558
725
898
1018
1142
1238
1318
1427
1532
1643
1743
1815
1885
1985
1985
1929
1796
1647
1538
1402
1122
810
578
345
93
-180
-425
-658
-816
-977
-1076
-1187
-1257
-1264
-1216
-1227
-1242
-1208
-1165
-1087
-1065
-1074
-1047
-960
-949
-915
-884
-826
-747
-640
-529
-403
-288
-141
50
158
248
350
415
425
456
431
402
324
236
142
31
-92
-205
-312
-452
-543
-614
-661
-711
-713
-707
-643
-610
-558
-471
-380
-291
-216
-151
-79
8
79
171
214
253
305
410
487
560
635
731
852
963
1104
1254
1339
1461
1581
1700
1832
1953
2034
2087
2095
2015
1908
1741
1606
1415
1119
802
551
282
20
-227
-457
-654
-807
-934
-1031
-1102
-1170
-1162
-1133
-1137
-1158
-1146
-1111
-1078
-1121
-1159
-1145
-1123
-1141
-1117
-1088
-1051
-964
-869
-733
-637
-529
-374
-214
-108
-4
122
185
225
248
240
200
117
1
-111
-216
-355
-477
-606
-718
-810
-867
-898
-928
-905
-860
-787
-713
-635
-535
-414
-294
-203
-101
-9
69
118
184
243
272
314
402
446
494
592
688
793
939
1084
1268
1408
1527
1671
1754
1804
1872
1937
1962
1913
1769
1666
1511
1336
1049
768
525
282
38
-206
-426
-604
-763
-898
-971
-1072
-1117
-1123
-1073
-1097
-1104
-1087
-1066
-1036
-1037
-1051
-1058
-1044
-1033
-1003
-952
-892
-813
-702
-577
-438
-317
-150
27
153
251
392
463
511
523
512
477
387
299
183
64
-91
-188
-327
-480
-588
-665
-738
-780
-825
-803
-783
-725
-648
-557
-459
-353
-247
-167
-73
6
85
137
194
194
249
315
390
449
556
693
844
1004
1188
1408
1569
1690
1822
1956
2021
2017
2027
2022
1956
1836
1725
1569
1404
1183
894
616
359
106
-155
-380
-601
-750
-894
-1004
-1074
-1135
-1146
-1110
-1109
-1124
-1120
-1084
-1054
-1041
-1050
-1041
-1020
-1032
-1017
-965
-908
-848
-728
-618
-482
-348
-194
4
154
276
418
523
584
622
610
596
529
422
308
194
46
-80
-217
-376
-500
-596
-688
-747
-825
-850
-825
-821
-801
-746
-665
-586
-510
-430
-330
-245
-174
-95
-32
13
76
170
256
345
450
547
668
777
909
1032
1182
1334
1496
1672
1786
1861
1888
1957
2022
1998
1899
1791
1620
1461
1204
921
621
358
64
-239
-495
-728
-890
-1078
-1174
-1265
-1318
-1361
-1327
-1312
-1292
-1257
-1195
-1141
-1108
-1126
-1110
-1084
-1094
-1071
-1054
-1010
-969
-871
-775
-648
-549
-385
-212
-43
86
231
359
457
495
538
557
504
438
333
238
78
-44
-207
-361
-504
-640
-761
-853
-949
-1012
-1037
-1074
-1077
-1062
-1024
-961
-896
-832
-736
-642
-563
-467
-362
-291
-198
-70
46
150
258
386
517
610
729
873
997
1121
1250
1404
1579
1716
1849
1934
1988
2054
2100
2083
2005
1897
1696
1442
1164
862
555
238
-68
-372
-609
-817
-996
-1110
-1214
-1269
-1249
-1192
-1157
-1122
-1044
-972
-899
-905
-901
-857
-848
-872
-853
-837
-822
-777
-715
-615
-524
-402
-242
-61
80
229
386
512
588
656
702
704
659
568
487
353
210
66
-81
-270
-428
-583
-704
-808
-912
-967
-1000
-1036
-1053
-1027
-997
-953
-907
-828
-734
-672
-563
-415
-294
-182
-61
78
200
301
408
489
589
672
771
885
983
1151
1344
1563
1761
1927
2006
2083
2127
2144
2128
2079
1980
1877
1718
1472
1179
880
645
357
58
-219
-457
-678
-827
-948
-999
-1079
-1093
-1029
-973
-966
-916
-819
-757
-722
-730
-683
-694
-715
-743
-720
-738
-715
-675
-607
-525
-448
-284
-110
48
166
373
517
617
712
811
843
842
797
732
634
495
360
224
43
-155
-278
-418
-564
-707
-786
-856
-903
-967
-968
-952
-960
-935
-890
-834
-784
-700
-604
-512
-433
-312
-187
-73
41
204
316
433
554
647
746
840
929
1036
1116
1221
1393
1550
1716
1841
1929
2011
2040
1951
1828
1791
1689
1461
1220
978
703
391
69
-223
-490
-732
-914
-1060
-1189
-1292
-1308
-1264
-1236
-1213
-1140
-1032
-950
-882
-835
-779
-758
-753
-732
-734
-728
-713
-661
-616
-577
-487
-346
-216
-77
77
255
406
535
621
740
808
819
815
763
701
598
495
333
172
1
-163
-316
-490
-644
-735
-855
-954
-1034
-1084
-1105
-1117
-1127
-1124
-1103
-1064
-984
-912
-825
-725
-600
-479
-338
-223
-68
100
223
359
502
607
699
793
877
979
1081
1210
1380
1537
1679
1847
1928
1969
1932
1831
1727
1626
1477
1239
1006
746
492
160
-122
-418
-679
-910
-1069
-1253
-1368
-1431
-1439
-1415
-1386
-1342
-1266
-1155
-1084
-1008
-985
-907
-877
-859
-868
-844
-846
-822
-797
-746
-703
-607
-476
-343
-173
-10
189
338
480
613
746
826
882
864
835
781
714
603
436
254
83
-80
-230
-418
-574
-707
-818
-941
-1048
-1099
-1133
-1168
-1205
-1198
-1187
-1158
-1115
-1045
-989
-902
-801
-693
-578
-446
-275
-102
67
218
393
538
677
812
905
1017
1123
1224
1361
1500
1628
1767
1907
2011
2050
2014
1939
1839
1664
1479
1259
1043
784
501
194
-83
-333
-574
-776
-999
-1157
-1284
-1315
-1356
-1359
-1346
-1263
-1180
-1103
-1021
-938
-857
-809
-760
-742
-688
-669
-629
-608
-567
-560
-478
-386
-279
-169
-12
155
293
445
590
745
844
939
986
1011
997
964
909
804
645
495
338
162
-58
-273
-422
-592
-752
-867
-956
-1028
-1075
-1118
-1135
-1145
-1151
-1141
-1120
-1120
-1085
-1025
-979
-913
-844
-738
-600
-484
-352
-167
-3
168
341
505
636
771
905
1012
1112
1198
1344
1460
1603
1703
1829
1919
1975
1937
1864
1844
1666
1449
1191
1016
736
487
193
-80
-368
-584
-786
-972
-1134
-1240
-1258
-1305
-1328
-1299
-1213
-1178
-1101
-1052
-957
-912
-849
-808
-752
-739
-707
-662
-622
-615
-564
-459
-363
-260
-160
29
158
306
419
593
699
791
872
932
949
941
939
887
785
659
544
395
212
14
-157
-301
-472
-631
-761
-863
-962
-1029
-1100
-1142
-1197
-1201
-1202
-1186
-1188
-1156
-1112
-1092
-1031
-961
-853
-763
-668
-551
-397
-259
-87
63
213
356
502
619
739
819
931
1036
1125
1231
1349
1497
1621
1727
1750
1791
1768
1765
1646
1462
1264
1082
817
555
266
-9
-274
-498
-732
-947
-1098
-1210
-1252
-1306
-1335
-1312
-1229
-1172
-1079
-1025
-913
-834
-770
-732
-668
-624
-579
-543
-504
-474
-425
-346
-297
-201
-129
24
144
274
391
545
673
776
848
910
948
968
957
918
853
738
648
526
382
201
54
-118
-265
-449
-588
-702
-820
-929
-996
-1062
-1113
-1119
-1135
-1129
-1141
-1102
-1085
-1050
-1032
-968
-911
-851
-802
-689
-560
-428
-299
-162
3
149
317
452
578
675
776
848
933
998
1104
1190
1304
1387
1489
1567
1611
1646
1627
1597
1507
1366
1181
1004
770
539
289
77
-198
-401
-633
-824
-980
-1070
-1124
-1175
-1198
-1155
-1107
-1077
-984
-898
-784
-708
-609
-552
-450
-414
-368
-326
-280
-286
-235
-180
-114
-50
-2
95
163
269
372
493
572
657
717
787
820
845
840
811
746
677
601
496
368
235
112
-49
-183
-304
-429
-541
-648
-756
-811
-880
-918
-953
-958
-977
-987
-965
-935
-911
-876
-819
-797
-760
-690
-601
-535
-448
-365
-265
-144
-33
101
231
340
432
528
630
702
781
836
885
922
987
1060
1129
1175
1214
1244
1268
1286
1232
1181
1096
974
847
677
470
274
103
-103
-276
-474
-625
-741
-844
-919
-946
-948
-929
-874
-841
-769
-697
-613
-529
-467
-404
-336
-259
-215
-198
-177
-147
-114
-101
-63
-16
23
63
124
189
264
341
423
489
539
586
608
638
627
602
580
520
451
388
286
197
91
-2
-106
-200
-274
-384
-463
-536
-593
-650
-678
-724
-732
-776
-794
-808
-783
-763
-730
-707
-663
-622
-566
-526
-472
-423
-382
-299
-239
-158
-102
-23
23
99
153
225
280
349
395
443
492
551
606
672
733
843
953
1034
1093
1158
1193
1232
1213
1126
1076
950
860
711
550
351
211
20
-105
-300
-437
-530
-563
-600
-647
-636
-632
-590
-567
-509
-451
-368
-353
-287
-286
-219
-204
-165
-166
-192
-202
-195
-179
-180
-145
-121
-68
-49
27
82
166
226
272
311
384
425
476
480
465
453
426
366
294
237
163
108
8
-58
-110
-154
-214
-268
-314
-361
-388
-409
-411
-427
-447
-450
-471
-485
-471
-476
-486
-503
-516
-495
-488
-483
-473
-467
-459
-415
-381
-326
-268
-222
-159
-94
-42
1
63
117
173
216
257
313
361
405
484
569
674
790
904
964
1029
1097
1170
1205
1183
1159
1090
1011
853
702
534
405
247
106
-81
-211
-323
-393
-467
-539
-566
-588
-575
-581
-541
-505
-448
-447
-422
-398
-338
-308
-283
-270
-282
-256
-234
-216
-197
-152
-118
-73
-65
4
72
143
190
235
276
336
373
400
414
407
412
389
360
312
270
210
159
88
38
-8
-57
-105
-159
-198
-205
-231
-256
-274
-289
-301
-315
-323
-325
-338
-340
-343
-373
-384
-372
-353
-360
-355
-337
-320
-293
-254
-231
-192
-146
-106
-72
-41
-16
9
27
40
46
65
73
84
104
119
148
170
207
244
319
376
465
548
676
791
885
907
959
1010
1012
1003
937
892
811
702
568
456
325
255
114
-4
-154
-219
-266
-324
-360
-408
-402
-394
-377
-331
-274
-260
-227
-246
-219
-197
-181
-170
-180
-179
-167
-136
-113
-106
-88
-57
-34
8
60
124
152
194
218
248
289
325
334
314
285
283
259
217
177
115
69
1
-30
-72
-110
-130
-154
-164
-166
-146
-134
-126
-113
-95
-75
-41
-31
-24
-28
-39
-55
-65
-81
-89
-122
-154
-166
-167
-172
-169
-164
-172
-169
-161
-143
-134
-115
-93
-74
-69
-56
-56
-66
-84
-101
-111
-135
-143
-156
-191
-207
-214
-211
-212
-202
-170
-126
-92
-45
10
69
138
196
257
323
374
401
448
486
534
568
617
667
690
702
669
695
633
624
575
520
464
352
260
180
100
57
-21
-136
-243
-324
-329
-397
-411
-465
-486
-492
-474
-431
-387
-366
-364
-321
-273
-208
-153
-102
-65
-28
5
65
101
117
140
158
186
194
210
216
197
194
173
163
153
123
106
77
54
39
3
-14
-50
-71
-90
-96
-110
-134
-154
-153
-146
-150
-135
-125
-113
-118
-94
-73
-39
-19
-6
15
54
62
75
95
110
122
113
130
112
107
96
66
66
51
39
34
-10
-26
-36
-71
-70
-95
-135
-148
-154
-170
-180
-175
-201
-184
-166
-146
-148
-132
-124
-110
-88
-77
-47
-30
-21
-10
8
23
47
48
59
69
80
90
97
100
97
80
74
61
54
22
-6
-18
-23
-54
-62
-84
-91
-103
-127
-121
-137
-117
-108
-99
-96
-66
-51
-31
2
30
70
110
129
148
183
202
243
284
317
340
385
420
435
457
408
384
341
335
319
265
223
163
90
55
-2
-35
-84
-143
-188
-219
-223
-231
-248
-263
-251
-241
-213
-178
-147
-119
-95
-57
-20
8
23
42
73
97
114
125
148
130
137
141
137
118
118
115
117
98
87
56
27
5
-23
-29
-47
-54
-72
-73
-85
-85
-73
-73
-55
-53
-31
-4
17
36
46
75
113
134
153
162
151
166
179
185
183
184
175
169
153
131
105
85
69
51
25
17
4
-11
-21
-38
-57
-71
-68
-100
-98
-91
-93
-82
-61
-83
-81
-104
-93
-91
-92
-81
-85
-69
-64
-28
-4
-2
3
8
13
37
49
52
48
65
58
54
54
34
27
32
21
-6
-13
-11
-29
-28
-26
-28
-17
-28
-30
-39
-45
-44
-26
-22
-7
9
20
19
24
32
30
24
14
33
23
19
10
15
27
27
27
21
10
11
9
6
16
7
27
23
26
21
37
34
57
61
76
70
74
79
70
79
85
91
98
109
134
145
172
210
235
274
283
313
312
342
342
332
332
301
301
271
218
192
171
142
113
73
27
-4
-5
-16
-24
-45
-67
-57
-49
-43
-37
-28
-12
0
11
14
35
39
31
36
53
62
58
57
54
75
84
75
71
67
45
54
67
51
43
33
24
37
42
17
19
9
1
12
5
4
1
-2
-5
-3
1
-2
-5
3
10
16
36
34
38
51
59
65
72
51
53
64
60
49
40
14
-3
-11
-35
-53
-68
-76
-78
-88
-85
-78
-71
-77
-79
-59
-61
-55
-41
-34
-28
-17
-10
4
6
17
29
47
55
53
47
48
53
63
56
58
59
59
67
63
50
43
43
44
40
43
55
39
41
22
28
14
9
13
11
17
11
10
7
8
19
18
11
18
20
39
51
53
59
68
70
64
72
68
68
69
52
45
45
45
32
25
21
21
22
1
5
12
10
-2
3
-4
-15
-1
-5
-9
-9
-6
-23
-10
-11
2
1
10
0
4
7
3
3
-4
-2
-4
0
-6
-22
-30
-23
-29
-19
-33
-19
-19
-25
-22
-30
-42
-34
-36
-19
-10
5
5
0
-6
0
13
20
12
14
17
23
34
18
14
26
32
11
23
46
30
30
33
34
41
43
49
55
46
35
46
44
55
61
53
27
47
34
22
17
7
3
-21
-24
-26
-15
-29
-34
-33
-37
-37
-43
-56
-67
-41
-30
-33
-23
-30
-35
-26
